500.0 300.0
499.5973352943769 312.6847839313129
498.39096256615903 325.3184907147498
496.3857394525413 337.85024887208203
493.58974027927127 350.22959743621584
490.0142235481891 362.40668913969745
485.6735866032145 374.3324911320655
480.5853076573242 385.95898241783436
474.769875413957 397.23934722009375
468.2507065662362 408.1281634911195
461.05405150621175 418.58158581092806
453.2088886237956 428.55752193730785
444.746807621014 438.0158022964224
435.7018823114264 446.91834173150664
426.1105334169045 455.22929285835136
416.0113819142396 462.9151904100671
405.4450935221005 469.94508598990285
394.45421495453655 476.29067268951644
383.0830026003773 481.9263990709037
371.3772443183744 486.82957205302137
359.384075065655 490.9804482888148
347.1517871018855 494.3623136647083
334.7296355333861 496.9615506024416
322.16763998020224 498.7676928922508
309.51638316474845 499.7734678366016
296.8268072330384 499.97482553477505
284.1500086286423 499.3709551903885
271.53703234534294 497.9642883761866
259.03866638696184 495.7604892429557
246.70523726199298 492.7684317119884
234.58640733651566 489.0001637429337
222.73097486137425 484.4708588209163
211.18667747884518 479.1987548582672
199.99999999999994 473.2050807568877
189.21598722677794 466.51397092695424
178.87806257246663 459.15236810616636
169.027853210943 451.14991487085166
159.70502245873573 442.5388342757725
150.94711006484906 433.3538001032583
142.7893810514425 423.631797244121
135.26468371403345 413.4119727725542
128.40331735300458 402.73547831468125
122.23291026901532 391.6453043454821
116.77830851358607 380.1861070813227
112.06147584281834 368.40402866513375
108.10140527710053 356.3465113682859
104.9140426229186 344.06210655730814
102.51222226472115 331.60027919466995
100.9056154853831 319.0112086608365
100.100691523363 306.34558669961353
100.100691523363 293.6544133003864
100.9056154853831 280.98879133916347
102.51222226472115 268.39972080533
104.9140426229186 255.9378934426919
108.10140527710053 243.65348863171403
112.06147584281831 231.59597133486625
116.77830851358607 219.81389291867725
122.23291026901529 208.35469565451794
128.4033173530046 197.2645216853187
135.26468371403345 186.58802722744588
142.78938105144252 176.36820275587894
150.94711006484906 166.6461998967417
159.70502245873575 157.4611657242274
169.02785321094296 148.85008512914837
178.87806257246666 140.84763189383358
189.21598722677788 133.48602907304576
200.00000000000006 126.79491924311225
211.1866774788452 120.8012451417328
222.73097486137425 115.52914117908372
234.5864073365156 110.99983625706633
246.70523726199306 107.23156828801157
259.0386663869619 104.23951075704426
271.53703234534294 102.03571162381346
284.15000862864224 100.62904480961154
296.8268072330385 100.02517446522498
309.5163831647485 100.22653216339842
322.1676399802022 101.23230710774916
334.729635533386 103.03844939755837
347.1517871018855 105.63768633529168
359.384075065655 109.01955171118522
371.3772443183743 113.17042794697863
383.08300260037737 118.07360092909636
394.4542149545366 123.70932731048362
405.4450935221005 130.05491401009712
416.01138191423956 137.08480958993283
426.11053341690456 144.77070714164867
435.70188231142646 153.08165826849338
444.746807621014 161.9841977035776
453.2088886237956 171.4424780626921
461.05405150621175 181.41841418907197
468.2507065662362 191.8718365088805
474.7698754139569 202.76065277990625
480.5853076573242 214.04101758216564
485.6735866032145 225.66750886793454
490.0142235481891 237.59331086030258
493.58974027927127 249.77040256378413
496.3857394525414 262.1497511279181
498.39096256615903 274.6815092852502
499.5973352943769 287.3152160686871