540.0 300.0
539.5168023532523 306.3423919656565
538.0691550793908 312.6592453573749
535.6628873430496 318.925124436041
532.3076883351255 325.1147987181079
528.0170682578268 331.2033445698487
522.8083039238575 337.1662455660328
516.7023691887891 342.9794912089172
509.72385049674835 348.6196736100469
501.9008478794835 354.06408174555975
493.26486180745405 359.29079290546406
483.8506663485547 364.27876096865396
473.6961691452168 369.0079011482112
462.8422587737117 373.4591708657533
451.3326401002854 377.61464642917565
439.2136582970876 381.45759520503356
426.53411222652056 384.9725429949514
413.34505794544384 388.1453363447582
399.6996031204527 390.96319953545185
385.65269318204923 393.4147860265107
371.26089007878596 395.4902241444074
356.5821445222625 397.1811568323542
341.6755626400633 398.4807753012208
326.60116797624266 399.3838464461254
311.4196597976981 399.8867339183008
296.1921686796461 399.9874127673875
280.98001035437073 399.68547759519424
265.84443881441155 398.9821441880933
250.84639966435424 397.88024462147786
236.0462847143916 396.38421585599417
221.50368880381882 394.5000818714668
207.2771698336491 392.23542941045815
193.42401297461424 389.5993774291336
179.99999999999994 386.60254037844385
167.05918467213354 383.2569854634771
154.65367508695996 379.5761840530832
142.8334238531316 375.57495743542586
131.64602695048288 371.26941713788625
121.13653207781888 366.67690005162916
111.34725726173102 361.8158986220605
102.31762045684016 356.70598638627706
94.08398082360549 351.3677391573406
86.67949232281842 345.8226521727411
80.13397021630331 340.09305354066134
74.47377101138198 334.2020143325669
69.72168633252065 328.173255684143
65.8968511475023 322.0310532786541
63.01466671766539 315.800139597335
61.0867385824597 309.50560433041824
60.12082982803557 303.17279334980674
60.12082982803557 296.8272066501932
61.0867385824597 290.49439566958176
63.01466671766539 284.19986040266497
65.8968511475023 277.96894672134596
69.72168633252065 271.826744315857
74.47377101138198 265.7979856674331
80.13397021630331 259.9069464593386
86.67949232281836 254.17734782725898
94.08398082360554 248.63226084265935
102.31762045684013 243.29401361372294
111.34725726173102 238.18410137793947
121.13653207781886 233.32309994837084
131.6460269504829 228.7305828621137
142.83342385313156 224.4250425645742
154.65367508696002 220.4238159469168
167.0591846721335 216.74301453652288
180.0000000000001 213.39745962155612
193.42401297461424 210.4006225708664
207.2771698336491 207.76457058954185
221.50368880381876 205.49991812853318
236.04628471439167 203.61578414400577
250.84639966435427 202.11975537852214
265.84443881441155 201.0178558119067
280.9800103543707 200.31452240480576
296.19216867964616 200.01258723261247
311.41965979769816 200.1132660816992
326.6011679762426 200.6161535538746
341.67556264006316 201.51922469877917
356.5821445222626 202.81884316764584
371.26089007878596 204.5097758555926
385.65269318204923 206.58521397348932
399.6996031204528 209.03680046454818
413.3450579454439 211.8546636552418
426.53411222652056 215.02745700504857
439.2136582970875 218.54240479496642
451.3326401002855 222.38535357082435
462.8422587737117 226.54082913424668
473.6961691452168 230.9920988517888
483.8506663485547 235.72123903134604
493.26486180745405 240.709207094536
501.9008478794835 245.93591825444025
509.72385049674835 251.38032638995313
516.702369188789 257.0205087910828
522.8083039238575 262.8337544339673
528.0170682578268 268.7966554301513
532.3076883351255 274.8852012818921
535.6628873430496 281.07487556395904
538.0691550793908 287.3407546426251
539.5168023532523 293.6576080343435