500.0 300.0
499.5973352943769 312.6847839313129
498.39096256615903 325.3184907147498
496.3857394525413 337.85024887208203
493.58974027927127 350.22959743621584
490.0142235481891 362.40668913969745
485.6735866032145 374.3324911320655
480.5853076573242 385.95898241783436
474.769875413957 397.23934722009375
468.2507065662362 408.1281634911195
461.05405150621175 418.58158581092806
453.2088886237956 428.55752193730785
444.746807621014 438.0158022964224
435.7018823114264 446.91834173150664
426.1105334169045 455.22929285835136
416.0113819142396 462.9151904100671
405.4450935221005 469.94508598990285
394.45421495453655 476.29067268951644
383.0830026003773 481.9263990709037
371.3772443183744 486.82957205302137
359.384075065655 490.9804482888148
347.1517871018855 494.3623136647083
334.7296355333861 496.9615506024416
322.16763998020224 498.7676928922508
309.51638316474845 499.7734678366016
296.8268072330384 499.97482553477505
284.1500086286423 499.3709551903885
271.53703234534294 497.9642883761866
259.03866638696184 495.7604892429557
246.70523726199298 492.7684317119884
234.58640733651566 489.0001637429337
222.73097486137425 484.4708588209163
211.18667747884518 479.1987548582672
199.99999999999994 473.2050807568877
189.21598722677794 466.51397092695424
178.87806257246663 459.15236810616636
169.027853210943 451.14991487085166
159.70502245873573 442.5388342757725
150.94711006484906 433.3538001032583
142.7893810514425 423.631797244121
135.26468371403345 413.4119727725542
128.40331735300458 402.73547831468125
122.23291026901532 391.6453043454821
116.77830851358607 380.1861070813227
112.06147584281834 368.40402866513375
108.10140527710053 356.3465113682859
104.9140426229186 344.06210655730814
102.51222226472115 331.60027919466995
100.9056154853831 319.0112086608365
100.100691523363 306.34558669961353
100.100691523363 293.6544133003864
100.9056154853831 280.98879133916347
102.51222226472115 268.39972080533
104.9140426229186 255.9378934426919
108.10140527710053 243.65348863171403
112.06147584281831 231.59597133486625
116.77830851358607 219.81389291867725
122.23291026901529 208.35469565451794
128.4033173530046 197.2645216853187
135.26468371403345 186.58802722744588
142.78938105144252 176.36820275587894
150.94711006484906 166.6461998967417
159.70502245873575 157.4611657242274
169.02785321094296 148.85008512914837
178.87806257246666 140.84763189383358
189.21598722677788 133.48602907304576
200.00000000000006 126.79491924311225
211.1866774788452 120.8012451417328
222.73097486137425 115.52914117908372
234.5864073365156 110.99983625706633
246.70523726199306 107.23156828801157
259.0386663869619 104.23951075704426
271.53703234534294 102.03571162381346
284.15000862864224 100.62904480961154
296.8268072330385 100.02517446522498
309.5163831647485 100.22653216339842
322.1676399802022 101.23230710774916
334.729635533386 103.03844939755837
347.1517871018855 105.63768633529168
359.384075065655 109.01955171118522
371.3772443183743 113.17042794697863
383.08300260037737 118.07360092909636
394.4542149545366 123.70932731048362
405.4450935221005 130.05491401009712
416.01138191423956 137.08480958993283
426.11053341690456 144.77070714164867
435.70188231142646 153.08165826849338
444.746807621014 161.9841977035776
453.2088886237956 171.4424780626921
461.05405150621175 181.41841418907197
468.2507065662362 191.8718365088805
474.7698754139569 202.76065277990625
480.5853076573242 214.04101758216564
485.6735866032145 225.66750886793454
490.0142235481891 237.59331086030258
493.58974027927127 249.77040256378413
496.3857394525414 262.1497511279181
498.39096256615903 274.6815092852502
499.5973352943769 287.3152160686871
500.0 299.99999999999994

400.0 300.0
399.79866764718844 306.3423919656565
399.1954812830795 312.6592453573749
398.19286972627066 318.925124436041
396.79487013963563 325.1147987181079
395.00711177409454 331.2033445698487
392.83679330160726 337.1662455660328
390.2926538286621 342.9794912089172
387.38493770697846 348.6196736100469
384.1253532831181 354.06408174555975
380.5270257531059 359.29079290546406
376.6044443118978 364.27876096865396
372.373403810507 369.0079011482112
367.8509411557132 373.4591708657533
363.0552667084522 377.61464642917565
358.00569095711984 381.45759520503356
352.72254676105024 384.9725429949514
347.22710747726825 388.1453363447582
341.54150130018866 390.96319953545185
335.68862215918716 393.4147860265107
329.6920375328275 395.4902241444074
323.57589355094274 397.1811568323542
317.364817766693 398.4807753012208
311.0838199901011 399.3838464461254
304.7581915823742 399.8867339183008
298.4134036165192 399.9874127673875
292.0750043143211 399.68547759519424
285.76851617267147 398.9821441880933
279.5193331934809 397.88024462147786
273.3526186309965 396.38421585599417
267.29320366825783 394.5000818714668
261.36548743068715 392.23542941045815
255.5933387394226 389.5993774291336
249.99999999999997 386.60254037844385
244.60799361338897 383.2569854634771
239.43903128623333 379.5761840530832
234.5139266054715 375.57495743542586
229.85251122936785 371.26941713788625
225.47355503242454 366.67690005162916
221.39469052572124 361.8158986220605
217.63234185701674 356.70598638627706
214.2016586765023 351.3677391573406
211.11645513450765 345.8226521727411
208.38915425679303 340.09305354066134
206.03073792140918 334.2020143325669
204.05070263855026 328.173255684143
202.4570213114593 322.0310532786541
201.25611113236056 315.800139597335
200.45280774269156 309.50560433041824
200.0503457616815 303.17279334980674
200.0503457616815 296.8272066501932
200.45280774269156 290.49439566958176
201.25611113236056 284.19986040266497
202.4570213114593 277.96894672134596
204.05070263855026 271.826744315857
206.03073792140916 265.7979856674331
208.38915425679303 259.9069464593386
211.11645513450765 254.17734782725898
214.2016586765023 248.63226084265935
217.63234185701674 243.29401361372294
221.39469052572127 238.18410137793947
225.47355503242454 233.32309994837084
229.85251122936788 228.7305828621137
234.51392660547148 224.4250425645742
239.43903128623333 220.4238159469168
244.60799361338894 216.74301453652288
250.00000000000003 213.39745962155612
255.59333873942262 210.4006225708664
261.36548743068715 207.76457058954185
267.29320366825783 205.49991812853318
273.3526186309965 203.61578414400577
279.519333193481 202.11975537852214
285.76851617267147 201.0178558119067
292.0750043143211 200.31452240480576
298.41340361651925 200.01258723261247
304.75819158237425 200.1132660816992
311.08381999010106 200.6161535538746
317.364817766693 201.51922469877917
323.57589355094274 202.81884316764584
329.6920375328275 204.5097758555926
335.68862215918716 206.58521397348932
341.54150130018866 209.03680046454818
347.2271074772683 211.8546636552418
352.72254676105024 215.02745700504857
358.0056909571198 218.54240479496642
363.0552667084523 222.38535357082435
367.85094115571326 226.54082913424668
372.373403810507 230.9920988517888
376.6044443118978 235.72123903134604
380.5270257531059 240.709207094536
384.1253532831181 245.93591825444025
387.38493770697846 251.38032638995313
390.2926538286621 257.0205087910828
392.83679330160726 262.8337544339673
395.00711177409454 268.7966554301513
396.79487013963563 274.8852012818921
398.1928697262707 281.07487556395904
399.1954812830795 287.3407546426251
399.79866764718844 293.6576080343435
400.0 300.0
