[[0.300000,0.285317], [0.000000,-0.092705]]
[[0.285317,0.242705], [-0.092705,-0.176336]]
[[0.242705,0.176336], [-0.176336,-0.242705]]
[[0.176336,0.092705], [-0.242705,-0.285317]]
[[0.092705,0.000000], [-0.285317,-0.300000]]
[[0.000000,-0.092705], [-0.300000,-0.285317]]
[[-0.092705,-0.176336], [-0.285317,-0.242705]]
[[-0.176336,-0.242705], [-0.242705,-0.176336]]
[[-0.242705,-0.285317], [-0.176336,-0.092705]]
[[-0.285317,-0.300000], [-0.092705,-0.000000]]
[[-0.300000,-0.285317], [-0.000000,0.092705]]
[[-0.285317,-0.242705], [0.092705,0.176336]]
[[-0.242705,-0.176336], [0.176336,0.242705]]
[[-0.176336,-0.092705], [0.242705,0.285317]]
[[-0.092705,-0.000000], [0.285317,0.300000]]
[[-0.000000,0.092705], [0.300000,0.285317]]
[[0.092705,0.176336], [0.285317,0.242705]]
[[0.176336,0.242705], [0.242705,0.176336]]
[[0.242705,0.285317], [0.176336,0.092705]]
[[0.285317,0.300000], [0.092705,0.000000]]
[[1.000000,0.968750], [0.000000,0.054127]]
[[0.968750,0.937500], [0.054127,0.108253]]
[[0.937500,0.906250], [0.108253,0.162380]]
[[0.906250,0.875000], [0.162380,0.216506]]
[[0.875000,0.843750], [0.216506,0.270633]]
[[0.843750,0.812500], [0.270633,0.324759]]
[[0.812500,0.781250], [0.324759,0.378886]]
[[0.781250,0.750000], [0.378886,0.433013]]
[[0.750000,0.718750], [0.433013,0.487139]]
[[0.718750,0.687500], [0.487139,0.541266]]
[[0.687500,0.656250], [0.541266,0.595392]]
[[0.656250,0.625000], [0.595392,0.649519]]
[[0.625000,0.593750], [0.649519,0.703645]]
[[0.593750,0.562500], [0.703645,0.757772]]
[[0.562500,0.531250], [0.757772,0.811898]]
[[0.531250,0.500000], [0.811898,0.866025]]
[[0.500000,0.437500], [0.866025,0.866025]]
[[0.437500,0.375000], [0.866025,0.866025]]
[[0.375000,0.312500], [0.866025,0.866025]]
[[0.312500,0.250000], [0.866025,0.866025]]
[[0.250000,0.187500], [0.866025,0.866025]]
[[0.187500,0.125000], [0.866025,0.866025]]
[[0.125000,0.062500], [0.866025,0.866025]]
[[0.062500,0.000000], [0.866025,0.866025]]
[[0.000000,-0.062500], [0.866025,0.866025]]
[[-0.062500,-0.125000], [0.866025,0.866025]]
[[-0.125000,-0.187500], [0.866025,0.866025]]
[[-0.187500,-0.250000], [0.866025,0.866025]]
[[-0.250000,-0.312500], [0.866025,0.866025]]
[[-0.312500,-0.375000], [0.866025,0.866025]]
[[-0.375000,-0.437500], [0.866025,0.866025]]
[[-0.437500,-0.500000], [0.866025,0.866025]]
[[-0.500000,-0.531250], [0.866025,0.811898]]
[[-0.531250,-0.562500], [0.811898,0.757772]]
[[-0.562500,-0.593750], [0.757772,0.703645]]
[[-0.593750,-0.625000], [0.703645,0.649519]]
[[-0.625000,-0.656250], [0.649519,0.595392]]
[[-0.656250,-0.687500], [0.595392,0.541266]]
[[-0.687500,-0.718750], [0.541266,0.487139]]
[[-0.718750,-0.750000], [0.487139,0.433013]]
[[-0.750000,-0.781250], [0.433013,0.378886]]
[[-0.781250,-0.812500], [0.378886,0.324759]]
[[-0.812500,-0.843750], [0.324759,0.270633]]
[[-0.843750,-0.875000], [0.270633,0.216506]]
[[-0.875000,-0.906250], [0.216506,0.162380]]
[[-0.906250,-0.937500], [0.162380,0.108253]]
[[-0.937500,-0.968750], [0.108253,0.054127]]
[[-0.968750,-1.000000], [0.054127,0.000000]]
[[-1.000000,-0.968750], [0.000000,-0.054127]]
[[-0.968750,-0.937500], [-0.054127,-0.108253]]
[[-0.937500,-0.906250], [-0.108253,-0.162380]]
[[-0.906250,-0.875000], [-0.162380,-0.216506]]
[[-0.875000,-0.843750], [-0.216506,-0.270633]]
[[-0.843750,-0.812500], [-0.270633,-0.324759]]
[[-0.812500,-0.781250], [-0.324759,-0.378886]]
[[-0.781250,-0.750000], [-0.378886,-0.433013]]
[[-0.750000,-0.718750], [-0.433013,-0.487139]]
[[-0.718750,-0.687500], [-0.487139,-0.541266]]
[[-0.687500,-0.656250], [-0.541266,-0.595392]]
[[-0.656250,-0.625000], [-0.595392,-0.649519]]
[[-0.625000,-0.593750], [-0.649519,-0.703645]]
[[-0.593750,-0.562500], [-0.703645,-0.757772]]
[[-0.562500,-0.531250], [-0.757772,-0.811898]]
[[-0.531250,-0.500000], [-0.811898,-0.866025]]
[[-0.500000,-0.437500], [-0.866025,-0.866025]]
[[-0.437500,-0.375000], [-0.866025,-0.866025]]
[[-0.375000,-0.312500], [-0.866025,-0.866025]]
[[-0.312500,-0.250000], [-0.866025,-0.866025]]
[[-0.250000,-0.187500], [-0.866025,-0.866025]]
[[-0.187500,-0.125000], [-0.866025,-0.866025]]
[[-0.125000,-0.062500], [-0.866025,-0.866025]]
[[-0.062500,0.000000], [-0.866025,-0.866025]]
[[0.000000,0.062500], [-0.866025,-0.866025]]
[[0.062500,0.125000], [-0.866025,-0.866025]]
[[0.125000,0.187500], [-0.866025,-0.866025]]
[[0.187500,0.250000], [-0.866025,-0.866025]]
[[0.250000,0.312500], [-0.866025,-0.866025]]
[[0.312500,0.375000], [-0.866025,-0.866025]]
[[0.375000,0.437500], [-0.866025,-0.866025]]
[[0.437500,0.500000], [-0.866025,-0.866025]]
[[0.500000,0.531250], [-0.866025,-0.811898]]
[[0.531250,0.562500], [-0.811898,-0.757772]]
[[0.562500,0.593750], [-0.757772,-0.703645]]
[[0.593750,0.625000], [-0.703645,-0.649519]]
[[0.625000,0.656250], [-0.649519,-0.595392]]
[[0.656250,0.687500], [-0.595392,-0.541266]]
[[0.687500,0.718750], [-0.541266,-0.487139]]
[[0.718750,0.750000], [-0.487139,-0.433013]]
[[0.750000,0.781250], [-0.433013,-0.378886]]
[[0.781250,0.812500], [-0.378886,-0.324759]]
[[0.812500,0.843750], [-0.324759,-0.270633]]
[[0.843750,0.875000], [-0.270633,-0.216506]]
[[0.875000,0.906250], [-0.216506,-0.162380]]
[[0.906250,0.937500], [-0.162380,-0.108253]]
[[0.937500,0.968750], [-0.108253,-0.054127]]
[[0.968750,1.000000], [-0.054127,0.000000]]
[[0.656250,0.562683], [0.595392,0.577455]]
[[0.562683,0.625000], [0.577455,0.649519]]
[[0.562683,0.593750], [0.577455,0.703645]]
[[-0.593750,-0.531433], [0.703645,0.631582]]
[[-0.531433,-0.625000], [0.631582,0.649519]]
[[-0.531433,-0.656250], [0.631582,0.595392]]
[[-0.656250,-0.562683], [-0.595392,-0.577455]]
[[-0.562683,-0.625000], [-0.577455,-0.649519]]
[[-0.562683,-0.593750], [-0.577455,-0.703645]]
[[0.593750,0.531433], [-0.703645,-0.631582]]
[[0.531433,0.625000], [-0.631582,-0.649519]]
[[0.531433,0.656250], [-0.631582,-0.595392]]
[[0.843750,0.750183], [0.270633,0.252696]]
[[0.750183,0.812500], [0.252696,0.324759]]
[[0.750183,0.781250], [0.252696,0.378886]]
[[-0.781250,-0.718933], [0.378886,0.306823]]
[[-0.718933,-0.812500], [0.306823,0.324759]]
[[-0.718933,-0.843750], [0.306823,0.270633]]
[[-0.843750,-0.750183], [-0.270633,-0.252696]]
[[-0.750183,-0.812500], [-0.252696,-0.324759]]
[[-0.750183,-0.781250], [-0.252696,-0.378886]]
[[0.781250,0.718933], [-0.378886,-0.306823]]
[[0.718933,0.812500], [-0.306823,-0.324759]]
[[0.718933,0.843750], [-0.306823,-0.270633]]
[[0.968750,0.968750], [-0.054127,0.054127]]
[[0.968750,0.875183], [0.054127,0.036190]]
[[0.875183,0.937500], [0.036190,0.108253]]
[[0.875183,0.906250], [0.036190,0.162380]]
[[0.906250,0.812683], [0.162380,0.144443]]
[[0.812683,0.875000], [0.144443,0.216506]]
[[-0.875000,-0.812683], [0.216506,0.144443]]
[[-0.812683,-0.906250], [0.144443,0.162380]]
[[-0.812683,-0.937500], [0.144443,0.108253]]
[[-0.937500,-0.875183], [0.108253,0.036190]]
[[-0.875183,-0.968750], [0.036190,0.054127]]
[[-0.875183,-1.000000], [0.036190,0.000000]]
[[-0.875183,-0.968750], [0.036190,-0.054127]]
[[-0.875183,-0.937500], [0.036190,-0.108253]]
[[-0.937500,-0.843933], [-0.108253,-0.090316]]
[[-0.843933,-0.906250], [-0.090316,-0.162380]]
[[-0.843933,-0.875000], [-0.090316,-0.216506]]
[[0.875000,0.812683], [-0.216506,-0.144443]]
[[0.812683,0.906250], [-0.144443,-0.162380]]
[[0.812683,0.937500], [-0.144443,-0.108253]]
[[0.875183,0.968750], [0.036190,-0.054127]]
[[0.937500,0.875183], [-0.108253,0.036190]]
[[0.875000,0.750183], [0.216506,0.252696]]
[[0.781250,0.687683], [0.378886,0.360949]]
[[0.687683,0.750000], [0.360949,0.433013]]
[[0.687683,0.718750], [0.360949,0.487139]]
[[0.718750,0.625183], [0.487139,0.469202]]
[[0.625183,0.687500], [0.469202,0.541266]]
[[0.687500,0.562683], [0.541266,0.577455]]
[[0.593750,0.500183], [0.703645,0.685709]]
[[0.500183,0.562500], [0.685709,0.757772]]
[[0.500183,0.531250], [0.685709,0.811898]]
[[0.531250,0.437500], [0.811898,0.866025]]
[[-0.437500,-0.531250], [0.866025,0.811898]]
[[-0.531250,-0.468933], [0.811898,0.739835]]
[[-0.468933,-0.562500], [0.739835,0.757772]]
[[-0.468933,-0.593750], [0.739835,0.703645]]
[[-0.656250,-0.593933], [0.595392,0.523329]]
[[-0.593933,-0.687500], [0.523329,0.541266]]
[[-0.593933,-0.718750], [0.523329,0.487139]]
[[-0.718750,-0.656433], [0.487139,0.415076]]
[[-0.656433,-0.750000], [0.415076,0.433013]]
[[-0.656433,-0.781250], [0.415076,0.378886]]
[[-0.843750,-0.812683], [0.270633,0.144443]]
[[-0.875000,-0.750183], [-0.216506,-0.252696]]
[[-0.781250,-0.687683], [-0.378886,-0.360949]]
[[-0.687683,-0.750000], [-0.360949,-0.433013]]
[[-0.687683,-0.718750], [-0.360949,-0.487139]]
[[-0.718750,-0.625183], [-0.487139,-0.469202]]
[[-0.625183,-0.687500], [-0.469202,-0.541266]]
[[-0.687500,-0.562683], [-0.541266,-0.577455]]
[[-0.593750,-0.500183], [-0.703645,-0.685709]]
[[-0.500183,-0.562500], [-0.685709,-0.757772]]
[[-0.500183,-0.531250], [-0.685709,-0.811898]]
[[-0.531250,-0.437500], [-0.811898,-0.866025]]
[[0.437500,0.531250], [-0.866025,-0.811898]]
[[0.531250,0.468933], [-0.811898,-0.739835]]
[[0.468933,0.562500], [-0.739835,-0.757772]]
[[0.468933,0.593750], [-0.739835,-0.703645]]
[[0.656250,0.593933], [-0.595392,-0.523329]]
[[0.593933,0.687500], [-0.523329,-0.541266]]
[[0.593933,0.718750], [-0.523329,-0.487139]]
[[0.718750,0.656433], [-0.487139,-0.415076]]
[[0.656433,0.750000], [-0.415076,-0.433013]]
[[0.656433,0.781250], [-0.415076,-0.378886]]
[[0.843750,0.812683], [-0.270633,-0.144443]]
[[0.437500,0.406250], [0.866025,0.776025]]
[[0.406250,0.375000], [0.776025,0.866025]]
[[0.406250,0.312500], [0.776025,0.866025]]
[[0.312500,0.281250], [0.866025,0.776025]]
[[0.281250,0.250000], [0.776025,0.866025]]
[[0.281250,0.187500], [0.776025,0.866025]]
[[0.187500,0.156250], [0.866025,0.776025]]
[[0.156250,0.125000], [0.776025,0.866025]]
[[0.156250,0.062500], [0.776025,0.866025]]
[[0.062500,0.031250], [0.866025,0.776025]]
[[0.031250,0.000000], [0.776025,0.866025]]
[[0.031250,-0.062500], [0.776025,0.866025]]
[[-0.062500,-0.093750], [0.866025,0.776025]]
[[-0.093750,-0.125000], [0.776025,0.866025]]
[[-0.093750,-0.187500], [0.776025,0.866025]]
[[-0.187500,-0.218750], [0.866025,0.776025]]
[[-0.218750,-0.250000], [0.776025,0.866025]]
[[-0.218750,-0.312500], [0.776025,0.866025]]
[[-0.312500,-0.343750], [0.866025,0.776025]]
[[-0.343750,-0.375000], [0.776025,0.866025]]
[[-0.343750,-0.437500], [0.776025,0.866025]]
[[-0.437500,-0.406250], [-0.866025,-0.776025]]
[[-0.406250,-0.375000], [-0.776025,-0.866025]]
[[-0.406250,-0.312500], [-0.776025,-0.866025]]
[[-0.312500,-0.281250], [-0.866025,-0.776025]]
[[-0.281250,-0.250000], [-0.776025,-0.866025]]
[[-0.281250,-0.187500], [-0.776025,-0.866025]]
[[-0.187500,-0.156250], [-0.866025,-0.776025]]
[[-0.156250,-0.125000], [-0.776025,-0.866025]]
[[-0.156250,-0.062500], [-0.776025,-0.866025]]
[[-0.062500,-0.031250], [-0.866025,-0.776025]]
[[-0.031250,0.000000], [-0.776025,-0.866025]]
[[-0.031250,0.062500], [-0.776025,-0.866025]]
[[0.062500,0.093750], [-0.866025,-0.776025]]
[[0.093750,0.125000], [-0.776025,-0.866025]]
[[0.093750,0.187500], [-0.776025,-0.866025]]
[[0.187500,0.218750], [-0.866025,-0.776025]]
[[0.218750,0.250000], [-0.776025,-0.866025]]
[[0.218750,0.312500], [-0.776025,-0.866025]]
[[0.312500,0.343750], [-0.866025,-0.776025]]
[[0.343750,0.375000], [-0.776025,-0.866025]]
[[0.343750,0.437500], [-0.776025,-0.866025]]
[[0.242705,0.273160], [-0.176336,-0.273160]]
[[0.273160,0.176336], [-0.273160,-0.242705]]
[[-0.176336,-0.273160], [-0.242705,-0.273160]]
[[-0.273160,-0.242705], [-0.273160,-0.176336]]
[[-0.242705,-0.273160], [0.176336,0.273160]]
[[-0.273160,-0.176336], [0.273160,0.242705]]
[[0.176336,0.273160], [0.242705,0.273160]]
[[0.273160,0.242705], [0.273160,0.176336]]
[[0.300000,0.381550], [0.000000,-0.060432]]
[[0.381550,0.285317], [-0.060432,-0.092705]]
[[0.092705,0.060432], [-0.285317,-0.381550]]
[[0.060432,0.000000], [-0.381550,-0.300000]]
[[0.000000,-0.060432], [-0.300000,-0.381550]]
[[-0.060432,-0.092705], [-0.381550,-0.285317]]
[[-0.285317,-0.381550], [-0.092705,-0.060432]]
[[-0.381550,-0.300000], [-0.060432,-0.000000]]
[[-0.300000,-0.381550], [-0.000000,0.060432]]
[[-0.381550,-0.285317], [0.060432,0.092705]]
[[-0.092705,-0.060432], [0.285317,0.381550]]
[[-0.060432,-0.000000], [0.381550,0.300000]]
[[-0.000000,0.060432], [0.300000,0.381550]]
[[0.060432,0.092705], [0.381550,0.285317]]
[[0.285317,0.381550], [0.092705,0.060432]]
[[0.381550,0.300000], [0.060432,0.000000]]
[[0.285317,0.344202], [-0.092705,-0.175380]]
[[0.344202,0.242705], [-0.175380,-0.176336]]
[[0.176336,0.175380], [-0.242705,-0.344202]]
[[0.175380,0.092705], [-0.344202,-0.285317]]
[[-0.092705,-0.175380], [-0.285317,-0.344202]]
[[-0.175380,-0.176336], [-0.344202,-0.242705]]
[[-0.242705,-0.344202], [-0.176336,-0.175380]]
[[-0.344202,-0.285317], [-0.175380,-0.092705]]
[[-0.285317,-0.344202], [0.092705,0.175380]]
[[-0.344202,-0.242705], [0.175380,0.176336]]
[[-0.176336,-0.175380], [0.242705,0.344202]]
[[-0.175380,-0.092705], [0.344202,0.285317]]
[[0.092705,0.175380], [0.285317,0.344202]]
[[0.175380,0.176336], [0.344202,0.242705]]
[[0.242705,0.344202], [0.176336,0.175380]]
[[0.344202,0.285317], [0.175380,0.092705]]
[[-0.656433,-0.718933], [0.415076,0.306823]]
[[0.656433,0.718933], [-0.415076,-0.306823]]
[[-0.437500,-0.468933], [0.866025,0.739835]]
[[0.437500,0.468933], [-0.866025,-0.739835]]
[[-0.468933,-0.531433], [0.739835,0.631582]]
[[0.468933,0.531433], [-0.739835,-0.631582]]
[[-0.531433,-0.593933], [0.631582,0.523329]]
[[0.531433,0.593933], [-0.631582,-0.523329]]
[[0.812683,0.750183], [0.144443,0.252696]]
[[-0.812683,-0.875183], [0.144443,0.036190]]
[[0.625183,0.562683], [0.469202,0.577455]]
[[0.562683,0.500183], [0.577455,0.685709]]
[[-0.593933,-0.656433], [0.523329,0.415076]]
[[-0.625183,-0.562683], [-0.469202,-0.577455]]
[[-0.562683,-0.500183], [-0.577455,-0.685709]]
[[0.593933,0.656433], [-0.523329,-0.415076]]
[[0.875183,0.812683], [0.036190,0.144443]]
[[-0.875183,-0.843933], [0.036190,-0.090316]]
[[0.750183,0.687683], [0.252696,0.360949]]
[[0.687683,0.625183], [0.360949,0.469202]]
[[-0.750183,-0.687683], [-0.252696,-0.360949]]
[[-0.687683,-0.625183], [-0.360949,-0.469202]]
[[0.531250,0.406250], [0.811898,0.776025]]
[[0.406250,0.281250], [0.776025,0.776025]]
[[0.281250,0.156250], [0.776025,0.776025]]
[[0.156250,0.031250], [0.776025,0.776025]]
[[0.031250,-0.093750], [0.776025,0.776025]]
[[-0.093750,-0.218750], [0.776025,0.776025]]
[[-0.218750,-0.343750], [0.776025,0.776025]]
[[-0.531250,-0.406250], [-0.811898,-0.776025]]
[[-0.406250,-0.281250], [-0.776025,-0.776025]]
[[-0.281250,-0.156250], [-0.776025,-0.776025]]
[[-0.156250,-0.031250], [-0.776025,-0.776025]]
[[-0.031250,0.093750], [-0.776025,-0.776025]]
[[0.093750,0.218750], [-0.776025,-0.776025]]
[[0.218750,0.343750], [-0.776025,-0.776025]]
[[0.344202,0.273160], [-0.175380,-0.273160]]
[[0.273160,0.175380], [-0.273160,-0.344202]]
[[-0.175380,-0.273160], [-0.344202,-0.273160]]
[[-0.273160,-0.344202], [-0.273160,-0.175380]]
[[-0.344202,-0.273160], [0.175380,0.273160]]
[[-0.273160,-0.175380], [0.273160,0.344202]]
[[0.175380,0.273160], [0.344202,0.273160]]
[[0.273160,0.344202], [0.273160,0.175380]]
[[0.381550,0.381550], [0.060432,-0.060432]]
[[0.381550,0.344202], [-0.060432,-0.175380]]
[[0.175380,0.060432], [-0.344202,-0.381550]]
[[0.060432,-0.060432], [-0.381550,-0.381550]]
[[-0.060432,-0.175380], [-0.381550,-0.344202]]
[[-0.344202,-0.381550], [-0.175380,-0.060432]]
[[-0.381550,-0.381550], [-0.060432,0.060432]]
[[-0.381550,-0.344202], [0.060432,0.175380]]
[[-0.175380,-0.060432], [0.344202,0.381550]]
[[-0.060432,0.060432], [0.381550,0.381550]]
[[0.060432,0.175380], [0.381550,0.344202]]
[[0.344202,0.381550], [0.175380,0.060432]]
[[0.381550,0.471550], [0.060432,0.000000]]
[[0.471550,0.381550], [0.000000,-0.060432]]
[[0.381550,0.476721], [0.060432,0.104935]]
[[0.476721,0.471550], [0.104935,0.000000]]
[[0.344202,0.476721], [0.175380,0.104935]]
[[0.476721,0.564027], [0.104935,0.048038]]
[[0.564027,0.471550], [0.048038,0.000000]]
[[0.476721,0.569513], [0.104935,0.151888]]
[[0.569513,0.564027], [0.151888,0.048038]]
[[0.476721,0.482483], [0.104935,0.208716]]
[[0.482483,0.569513], [0.208716,0.151888]]
[[0.482483,0.575204], [0.208716,0.255659]]
[[0.575204,0.569513], [0.255659,0.151888]]
[[0.482483,0.488191], [0.208716,0.312483]]
[[0.488191,0.575204], [0.312483,0.255659]]
[[0.488191,0.580908], [0.312483,0.359426]]
[[0.580908,0.575204], [0.359426,0.255659]]
[[0.488191,0.493896], [0.312483,0.416249]]
[[0.493896,0.580908], [0.416249,0.359426]]
[[0.625183,0.580908], [0.469202,0.359426]]
[[0.493896,0.625183], [0.416249,0.469202]]
[[0.488191,0.401179], [0.312483,0.369307]]
[[0.401179,0.493896], [0.369307,0.416249]]
[[0.401179,0.406884], [0.369307,0.473073]]
[[0.406884,0.493896], [0.473073,0.416249]]
[[0.562683,0.493896], [0.577455,0.416249]]
[[0.406884,0.562683], [0.473073,0.577455]]
[[0.401179,0.314167], [0.369307,0.426130]]
[[0.314167,0.406884], [0.426130,0.473073]]
[[0.273160,0.314167], [0.273160,0.426130]]
[[0.401179,0.273160], [0.369307,0.273160]]
[[0.314167,0.319872], [0.426130,0.529897]]
[[0.319872,0.406884], [0.529897,0.473073]]
[[0.314167,0.227155], [0.426130,0.482954]]
[[0.227155,0.319872], [0.482954,0.529897]]
[[0.175380,0.227155], [0.344202,0.482954]]
[[0.314167,0.175380], [0.426130,0.344202]]
[[0.227155,0.232860], [0.482954,0.586720]]
[[0.232860,0.319872], [0.586720,0.529897]]
[[0.227155,0.140143], [0.482954,0.539778]]
[[0.140143,0.232860], [0.539778,0.586720]]
[[0.140143,0.145848], [0.539778,0.643544]]
[[0.145848,0.232860], [0.643544,0.586720]]
[[0.140143,0.053131], [0.539778,0.596602]]
[[0.053131,0.145848], [0.596602,0.643544]]
[[0.140143,0.047427], [0.539778,0.492835]]
[[0.047427,0.053131], [0.492835,0.596602]]
[[0.047427,-0.039585], [0.492835,0.549659]]
[[-0.039585,0.053131], [0.549659,0.596602]]
[[-0.060432,-0.039585], [0.381550,0.549659]]
[[0.047427,-0.060432], [0.492835,0.381550]]
[[-0.039585,-0.033881], [0.549659,0.653425]]
[[-0.033881,0.053131], [0.653425,0.596602]]
[[-0.039585,-0.126597], [0.549659,0.606483]]
[[-0.126597,-0.033881], [0.606483,0.653425]]
[[-0.093750,-0.033881], [0.776025,0.653425]]
[[-0.126597,-0.093750], [0.606483,0.776025]]
[[-0.039585,-0.132302], [0.549659,0.502716]]
[[-0.132302,-0.126597], [0.502716,0.606483]]
[[-0.132302,-0.219314], [0.502716,0.559540]]
[[-0.219314,-0.126597], [0.559540,0.606483]]
[[-0.132302,-0.225019], [0.502716,0.455774]]
[[-0.225019,-0.219314], [0.455774,0.559540]]
[[-0.225019,-0.312031], [0.455774,0.512597]]
[[-0.312031,-0.219314], [0.512597,0.559540]]
[[-0.225019,-0.317735], [0.455774,0.408831]]
[[-0.317735,-0.312031], [0.408831,0.512597]]
[[-0.317735,-0.404747], [0.408831,0.465655]]
[[-0.404747,-0.312031], [0.465655,0.512597]]
[[-0.317735,-0.410452], [0.408831,0.361888]]
[[-0.410452,-0.404747], [0.361888,0.465655]]
[[-0.273160,-0.410452], [0.273160,0.361888]]
[[-0.317735,-0.273160], [0.408831,0.273160]]
[[-0.410452,-0.497464], [0.361888,0.418712]]
[[-0.497464,-0.404747], [0.418712,0.465655]]
[[-0.410452,-0.503169], [0.361888,0.314946]]
[[-0.503169,-0.497464], [0.314946,0.418712]]
[[-0.404747,-0.399043], [0.465655,0.569421]]
[[-0.399043,-0.312031], [0.569421,0.512597]]
[[-0.404747,-0.491759], [0.465655,0.522478]]
[[-0.491759,-0.399043], [0.522478,0.569421]]
[[-0.399043,-0.306326], [0.569421,0.616364]]
[[-0.306326,-0.312031], [0.616364,0.512597]]
[[-0.306326,-0.219314], [0.616364,0.559540]]
[[-0.306326,-0.213609], [0.616364,0.663306]]
[[-0.213609,-0.219314], [0.663306,0.559540]]
[[-0.531433,-0.399043], [0.631582,0.569421]]
[[-0.491759,-0.531433], [0.522478,0.631582]]
[[-0.399043,-0.393338], [0.569421,0.673187]]
[[-0.393338,-0.306326], [0.673187,0.616364]]
[[-0.497464,-0.491759], [0.418712,0.522478]]
[[-0.343750,-0.213609], [0.776025,0.663306]]
[[-0.306326,-0.343750], [0.616364,0.776025]]
[[-0.656433,-0.497464], [0.415076,0.418712]]
[[-0.503169,-0.656433], [0.314946,0.415076]]
[[-0.213609,-0.126597], [0.663306,0.606483]]
[[-0.213609,-0.093750], [0.663306,0.776025]]
[[-0.531433,-0.393338], [0.631582,0.673187]]
[[-0.593933,-0.491759], [0.523329,0.522478]]
[[-0.497464,-0.593933], [0.418712,0.523329]]
[[-0.175380,-0.225019], [0.344202,0.455774]]
[[-0.132302,-0.175380], [0.502716,0.344202]]
[[-0.175380,-0.317735], [0.344202,0.408831]]
[[-0.410452,-0.416157], [0.361888,0.258122]]
[[-0.416157,-0.503169], [0.258122,0.314946]]
[[-0.273160,-0.416157], [0.273160,0.258122]]
[[-0.416157,-0.508874], [0.258122,0.211179]]
[[-0.508874,-0.503169], [0.211179,0.314946]]
[[-0.344202,-0.508874], [0.175380,0.211179]]
[[-0.416157,-0.344202], [0.258122,0.175380]]
[[-0.508874,-0.595886], [0.211179,0.268003]]
[[-0.595886,-0.503169], [0.268003,0.314946]]
[[-0.393338,-0.343750], [0.673187,0.776025]]
[[-0.508874,-0.601590], [0.211179,0.164237]]
[[-0.601590,-0.595886], [0.164237,0.268003]]
[[-0.601590,-0.688602], [0.164237,0.221060]]
[[-0.688602,-0.595886], [0.221060,0.268003]]
[[-0.718933,-0.595886], [0.306823,0.268003]]
[[-0.688602,-0.718933], [0.221060,0.306823]]
[[-0.688602,-0.843750], [0.221060,0.270633]]
[[-0.601590,-0.694307], [0.164237,0.117294]]
[[-0.694307,-0.688602], [0.117294,0.221060]]
[[-0.812683,-0.688602], [0.144443,0.221060]]
[[-0.694307,-0.812683], [0.117294,0.144443]]
[[-0.601590,-0.607295], [0.164237,0.060470]]
[[-0.607295,-0.694307], [0.060470,0.117294]]
[[-0.601590,-0.514579], [0.164237,0.107413]]
[[-0.514579,-0.607295], [0.107413,0.060470]]
[[-0.514579,-0.520283], [0.107413,0.003647]]
[[-0.520283,-0.607295], [0.003647,0.060470]]
[[-0.381550,-0.520283], [0.060432,0.003647]]
[[-0.514579,-0.381550], [0.107413,0.060432]]
[[-0.607295,-0.700012], [0.060470,0.013528]]
[[-0.700012,-0.694307], [0.013528,0.117294]]
[[-0.700012,-0.812683], [0.013528,0.144443]]
[[-0.607295,-0.613000], [0.060470,-0.043296]]
[[-0.613000,-0.700012], [-0.043296,0.013528]]
[[-0.520283,-0.613000], [0.003647,-0.043296]]
[[-0.520283,-0.525988], [0.003647,-0.100120]]
[[-0.525988,-0.613000], [-0.100120,-0.043296]]
[[-0.381550,-0.525988], [-0.060432,-0.100120]]
[[-0.520283,-0.381550], [0.003647,-0.060432]]
[[-0.508874,-0.514579], [0.211179,0.107413]]
[[-0.613000,-0.705717], [-0.043296,-0.090239]]
[[-0.705717,-0.700012], [-0.090239,0.013528]]
[[-0.843933,-0.700012], [-0.090316,0.013528]]
[[-0.705717,-0.843933], [-0.090239,-0.090316]]
[[-0.613000,-0.618705], [-0.043296,-0.147062]]
[[-0.618705,-0.705717], [-0.147062,-0.090239]]
[[-0.525988,-0.618705], [-0.100120,-0.147062]]
[[-0.344202,-0.514579], [0.175380,0.107413]]
[[-0.525988,-0.531693], [-0.100120,-0.203886]]
[[-0.531693,-0.618705], [-0.203886,-0.147062]]
[[-0.525988,-0.438976], [-0.100120,-0.156943]]
[[-0.438976,-0.531693], [-0.156943,-0.203886]]
[[-0.381550,-0.438976], [-0.060432,-0.156943]]
[[-0.438976,-0.444681], [-0.156943,-0.260710]]
[[-0.444681,-0.531693], [-0.260710,-0.203886]]
[[-0.531693,-0.624410], [-0.203886,-0.250829]]
[[-0.624410,-0.618705], [-0.250829,-0.147062]]
[[-0.750183,-0.618705], [-0.252696,-0.147062]]
[[-0.624410,-0.750183], [-0.250829,-0.252696]]
[[-0.344202,-0.444681], [-0.175380,-0.260710]]
[[-0.438976,-0.344202], [-0.156943,-0.175380]]
[[-0.595886,-0.656433], [0.268003,0.415076]]
[[-0.750183,-0.705717], [-0.252696,-0.090239]]
[[-0.444681,-0.537398], [-0.260710,-0.307652]]
[[-0.537398,-0.531693], [-0.307652,-0.203886]]
[[-0.537398,-0.624410], [-0.307652,-0.250829]]
[[-0.444681,-0.450386], [-0.260710,-0.364476]]
[[-0.450386,-0.537398], [-0.364476,-0.307652]]
[[-0.444681,-0.357669], [-0.260710,-0.317533]]
[[-0.357669,-0.450386], [-0.317533,-0.364476]]
[[-0.450386,-0.543103], [-0.364476,-0.411419]]
[[-0.543103,-0.537398], [-0.411419,-0.307652]]
[[-0.450386,-0.456091], [-0.364476,-0.468242]]
[[-0.456091,-0.543103], [-0.468242,-0.411419]]
[[-0.687683,-0.537398], [-0.360949,-0.307652]]
[[-0.543103,-0.687683], [-0.411419,-0.360949]]
[[-0.450386,-0.363374], [-0.364476,-0.421300]]
[[-0.363374,-0.456091], [-0.421300,-0.468242]]
[[-0.687683,-0.624410], [-0.360949,-0.250829]]
[[-0.344202,-0.357669], [-0.175380,-0.317533]]
[[-0.562683,-0.543103], [-0.577455,-0.411419]]
[[-0.456091,-0.562683], [-0.468242,-0.577455]]
[[-0.363374,-0.369079], [-0.421300,-0.525066]]
[[-0.369079,-0.456091], [-0.525066,-0.468242]]
[[-0.369079,-0.461796], [-0.525066,-0.572009]]
[[-0.461796,-0.456091], [-0.572009,-0.468242]]
[[-0.461796,-0.562683], [-0.572009,-0.577455]]
[[-0.461796,-0.500183], [-0.572009,-0.685709]]
[[-0.369079,-0.374784], [-0.525066,-0.628833]]
[[-0.374784,-0.461796], [-0.628833,-0.572009]]
[[-0.369079,-0.282067], [-0.525066,-0.581890]]
[[-0.282067,-0.374784], [-0.581890,-0.628833]]
[[-0.374784,-0.500183], [-0.628833,-0.685709]]
[[-0.369079,-0.276362], [-0.525066,-0.478124]]
[[-0.276362,-0.282067], [-0.478124,-0.581890]]
[[-0.276362,-0.189350], [-0.478124,-0.534947]]
[[-0.189350,-0.282067], [-0.534947,-0.581890]]
[[-0.189350,-0.195055], [-0.534947,-0.638714]]
[[-0.195055,-0.282067], [-0.638714,-0.581890]]
[[-0.175380,-0.189350], [-0.344202,-0.534947]]
[[-0.276362,-0.175380], [-0.478124,-0.344202]]
[[-0.363374,-0.276362], [-0.421300,-0.478124]]
[[-0.189350,-0.102338], [-0.534947,-0.591771]]
[[-0.102338,-0.195055], [-0.591771,-0.638714]]
[[-0.102338,-0.108043], [-0.591771,-0.695537]]
[[-0.108043,-0.195055], [-0.695537,-0.638714]]
[[-0.195055,-0.287772], [-0.638714,-0.685656]]
[[-0.287772,-0.282067], [-0.685656,-0.581890]]
[[-0.287772,-0.374784], [-0.685656,-0.628833]]
[[-0.156250,-0.287772], [-0.776025,-0.685656]]
[[-0.195055,-0.156250], [-0.638714,-0.776025]]
[[-0.406250,-0.374784], [-0.776025,-0.628833]]
[[-0.287772,-0.406250], [-0.685656,-0.776025]]
[[-0.102338,-0.015327], [-0.591771,-0.648595]]
[[-0.015327,-0.108043], [-0.648595,-0.695537]]
[[-0.102338,-0.009622], [-0.591771,-0.544828]]
[[-0.009622,-0.015327], [-0.544828,-0.648595]]
[[-0.102338,-0.096634], [-0.591771,-0.488005]]
[[-0.096634,-0.009622], [-0.488005,-0.544828]]
[[-0.189350,-0.096634], [-0.534947,-0.488005]]
[[-0.175380,-0.096634], [-0.344202,-0.488005]]
[[-0.060432,-0.009622], [-0.381550,-0.544828]]
[[-0.096634,-0.060432], [-0.488005,-0.381550]]
[[-0.009622,0.077390], [-0.544828,-0.601652]]
[[0.077390,-0.015327], [-0.601652,-0.648595]]
[[0.093750,-0.015327], [-0.776025,-0.648595]]
[[0.077390,0.093750], [-0.601652,-0.776025]]
[[-0.108043,-0.156250], [-0.695537,-0.776025]]
[[-0.108043,-0.031250], [-0.695537,-0.776025]]
[[-0.015327,-0.031250], [-0.648595,-0.776025]]
[[-0.009622,0.083095], [-0.544828,-0.497886]]
[[0.083095,0.077390], [-0.497886,-0.601652]]
[[-0.060432,0.083095], [-0.381550,-0.497886]]
[[-0.357669,-0.363374], [-0.317533,-0.421300]]
[[-0.357669,-0.270657], [-0.317533,-0.374357]]
[[-0.270657,-0.363374], [-0.374357,-0.421300]]
[[-0.273160,-0.270657], [-0.273160,-0.374357]]
[[-0.357669,-0.273160], [-0.317533,-0.273160]]
[[-0.175380,-0.270657], [-0.344202,-0.374357]]
[[-0.276362,-0.270657], [-0.478124,-0.374357]]
[[0.083095,0.170107], [-0.497886,-0.554709]]
[[0.170107,0.077390], [-0.554709,-0.601652]]
[[0.083095,0.175812], [-0.497886,-0.450943]]
[[0.175812,0.170107], [-0.450943,-0.554709]]
[[0.175812,0.262824], [-0.450943,-0.507767]]
[[0.262824,0.170107], [-0.507767,-0.554709]]
[[0.175812,0.268528], [-0.450943,-0.404000]]
[[0.268528,0.262824], [-0.404000,-0.507767]]
[[0.175380,0.268528], [-0.344202,-0.404000]]
[[0.175812,0.175380], [-0.450943,-0.344202]]
[[0.268528,0.355540], [-0.404000,-0.460824]]
[[0.355540,0.262824], [-0.460824,-0.507767]]
[[0.060432,0.175812], [-0.381550,-0.450943]]
[[0.083095,0.060432], [-0.497886,-0.381550]]
[[0.170107,0.164402], [-0.554709,-0.658476]]
[[0.164402,0.077390], [-0.658476,-0.601652]]
[[0.262824,0.257119], [-0.507767,-0.611533]]
[[0.257119,0.170107], [-0.611533,-0.554709]]
[[0.262824,0.349835], [-0.507767,-0.564590]]
[[0.349835,0.257119], [-0.564590,-0.611533]]
[[0.355540,0.349835], [-0.460824,-0.564590]]
[[0.355540,0.442552], [-0.460824,-0.517648]]
[[0.442552,0.349835], [-0.517648,-0.564590]]
[[0.442552,0.436847], [-0.517648,-0.621414]]
[[0.436847,0.349835], [-0.621414,-0.564590]]
[[0.355540,0.448257], [-0.460824,-0.413881]]
[[0.448257,0.442552], [-0.413881,-0.517648]]
[[0.593933,0.442552], [-0.523329,-0.517648]]
[[0.448257,0.593933], [-0.413881,-0.523329]]
[[0.257119,0.164402], [-0.611533,-0.658476]]
[[0.531433,0.436847], [-0.631582,-0.621414]]
[[0.442552,0.531433], [-0.517648,-0.631582]]
[[0.468933,0.436847], [-0.739835,-0.621414]]
[[0.349835,0.344131], [-0.564590,-0.668357]]
[[0.344131,0.257119], [-0.668357,-0.611533]]
[[0.218750,0.257119], [-0.776025,-0.611533]]
[[0.344131,0.218750], [-0.668357,-0.776025]]
[[0.436847,0.344131], [-0.621414,-0.668357]]
[[0.468933,0.344131], [-0.739835,-0.668357]]
[[0.355540,0.361245], [-0.460824,-0.357058]]
[[0.361245,0.448257], [-0.357058,-0.413881]]
[[0.268528,0.361245], [-0.404000,-0.357058]]
[[0.361245,0.453962], [-0.357058,-0.310115]]
[[0.453962,0.448257], [-0.310115,-0.413881]]
[[0.344202,0.453962], [-0.175380,-0.310115]]
[[0.361245,0.344202], [-0.357058,-0.175380]]
[[0.453962,0.540974], [-0.310115,-0.366939]]
[[0.540974,0.448257], [-0.366939,-0.413881]]
[[0.453962,0.546678], [-0.310115,-0.263172]]
[[0.546678,0.540974], [-0.263172,-0.366939]]
[[0.718933,0.540974], [-0.306823,-0.366939]]
[[0.546678,0.718933], [-0.263172,-0.306823]]
[[0.453962,0.459667], [-0.310115,-0.206349]]
[[0.459667,0.546678], [-0.206349,-0.263172]]
[[0.344202,0.459667], [-0.175380,-0.206349]]
[[0.459667,0.552383], [-0.206349,-0.159406]]
[[0.552383,0.546678], [-0.159406,-0.263172]]
[[0.459667,0.465371], [-0.206349,-0.102582]]
[[0.465371,0.552383], [-0.102582,-0.159406]]
[[0.552383,0.639395], [-0.159406,-0.216230]]
[[0.639395,0.546678], [-0.216230,-0.263172]]
[[0.344202,0.465371], [-0.175380,-0.102582]]
[[0.639395,0.718933], [-0.216230,-0.306823]]
[[0.552383,0.645100], [-0.159406,-0.112463]]
[[0.645100,0.639395], [-0.112463,-0.216230]]
[[0.812683,0.639395], [-0.144443,-0.216230]]
[[0.645100,0.812683], [-0.112463,-0.144443]]
[[0.552383,0.558088], [-0.159406,-0.055640]]
[[0.558088,0.645100], [-0.055640,-0.112463]]
[[0.465371,0.558088], [-0.102582,-0.055640]]
[[0.471550,0.558088], [0.000000,-0.055640]]
[[0.465371,0.471550], [-0.102582,0.000000]]
[[0.465371,0.381550], [-0.102582,-0.060432]]
[[0.564027,0.558088], [0.048038,-0.055640]]
[[0.564027,0.650910], [0.048038,-0.008948]]
[[0.650910,0.558088], [-0.008948,-0.055640]]
[[0.564027,0.656828], [0.048038,0.094802]]
[[0.656828,0.650910], [0.094802,-0.008948]]
[[0.650910,0.645100], [-0.008948,-0.112463]]
[[0.650910,0.737864], [-0.008948,-0.065749]]
[[0.737864,0.645100], [-0.065749,-0.112463]]
[[0.650910,0.743607], [-0.008948,0.038000]]
[[0.743607,0.737864], [0.038000,-0.065749]]
[[0.737864,0.812683], [-0.065749,-0.144443]]
[[0.656828,0.743607], [0.094802,0.038000]]
[[0.812683,0.743607], [0.144443,0.038000]]
[[0.656828,0.812683], [0.094802,0.144443]]
[[0.875183,0.737864], [0.036190,-0.065749]]
[[0.743607,0.875183], [0.038000,0.036190]]
[[0.569513,0.656828], [0.151888,0.094802]]
[[0.540974,0.593933], [-0.366939,-0.523329]]
[[0.164402,0.093750], [-0.658476,-0.776025]]
[[0.218750,0.164402], [-0.776025,-0.658476]]
[[0.273160,0.361245], [-0.273160,-0.357058]]
[[0.268528,0.273160], [-0.404000,-0.273160]]
[[-0.060432,-0.132302], [0.381550,0.502716]]
[[0.031250,0.053131], [0.776025,0.596602]]
[[-0.033881,0.031250], [0.653425,0.776025]]
[[0.140143,0.134438], [0.539778,0.436011]]
[[0.134438,0.047427], [0.436011,0.492835]]
[[0.227155,0.134438], [0.482954,0.436011]]
[[0.175380,0.134438], [0.344202,0.436011]]
[[0.060432,0.134438], [0.381550,0.436011]]
[[0.060432,0.047427], [0.381550,0.492835]]
[[0.031250,0.145848], [0.776025,0.643544]]
[[0.145848,0.238565], [0.643544,0.690487]]
[[0.238565,0.232860], [0.690487,0.586720]]
[[0.238565,0.325577], [0.690487,0.633663]]
[[0.325577,0.232860], [0.633663,0.586720]]
[[0.281250,0.325577], [0.776025,0.633663]]
[[0.238565,0.281250], [0.690487,0.776025]]
[[0.238565,0.156250], [0.690487,0.776025]]
[[0.325577,0.319872], [0.633663,0.529897]]
[[0.325577,0.412589], [0.633663,0.576839]]
[[0.412589,0.319872], [0.576839,0.529897]]
[[0.500183,0.412589], [0.685709,0.576839]]
[[0.325577,0.500183], [0.633663,0.685709]]
[[0.412589,0.406884], [0.576839,0.473073]]
[[0.412589,0.562683], [0.576839,0.577455]]
[[0.145848,0.156250], [0.643544,0.776025]]
[[0.488191,0.395474], [0.312483,0.265540]]
[[0.395474,0.401179], [0.265540,0.369307]]
[[0.395474,0.273160], [0.265540,0.273160]]
[[0.482483,0.395474], [0.208716,0.265540]]
[[0.344202,0.395474], [0.175380,0.265540]]
[[0.482483,0.344202], [0.208716,0.175380]]
[[0.687683,0.575204], [0.360949,0.255659]]
[[0.580908,0.687683], [0.359426,0.360949]]
[[0.575204,0.662223], [0.255659,0.198845]]
[[0.662223,0.569513], [0.198845,0.151888]]
[[0.687683,0.662223], [0.360949,0.198845]]
[[0.662223,0.656828], [0.198845,0.094802]]
[[0.662223,0.812683], [0.198845,0.144443]]
[[0.875183,0.812683], [0.036190,-0.144443]]
[[-0.468933,-0.343750], [0.739835,0.776025]]
[[-0.393338,-0.468933], [0.673187,0.739835]]
[[0.812683,0.718933], [-0.144443,-0.306823]]
[[-0.625183,-0.543103], [-0.469202,-0.411419]]
[[-0.700012,-0.875183], [0.013528,0.036190]]
[[0.662223,0.750183], [0.198845,0.252696]]
[[0.540974,0.656433], [-0.366939,-0.415076]]
[[0.406250,0.325577], [0.776025,0.633663]]
[[-0.213609,-0.218750], [0.663306,0.776025]]
[[-0.287772,-0.281250], [-0.685656,-0.776025]]
[[0.344131,0.343750], [-0.668357,-0.776025]]
[[0.468933,0.343750], [-0.739835,-0.776025]]
[[-0.843933,-0.750183], [-0.090316,-0.252696]]
[[0.500183,0.406250], [0.685709,0.776025]]
[[-0.500183,-0.406250], [-0.685709,-0.776025]]
