100.0 100
155.55555555555554 100
211.11111111111111 100
266.6666666666667 100
322.22222222222223 100
377.77777777777777 100
433.33333333333337 100
488.8888888888889 100
544.4444444444445 100
600.0 100
600 155.55555555555554
600 211.11111111111111
600 266.6666666666667
600 322.22222222222223
600 377.77777777777777
600 433.33333333333337
600 488.8888888888889
600 544.4444444444445
600 600.0
544.4444444444445 600
488.8888888888889 600
433.3333333333333 600
377.77777777777777 600
322.22222222222223 600
266.66666666666663 600
211.1111111111111 600
155.55555555555554 600
100.0 600
100 544.4444444444445
100 488.8888888888889
100 433.3333333333333
100 377.77777777777777
100 322.22222222222223
100 266.66666666666663
100 211.1111111111111
100 155.55555555555554