309.51638316474845 499.7734678366016 296.8268072330384 499.97482553477505 299.075517058138 494.9748255347748
309.51638316474845 499.7734678366016 296.8268072330384 499.97482553477505 284.1500086286423 499.3709551903885
296.8268072330384 499.97482553477505 284.1500086286423 499.3709551903885 299.075517058138 494.9748255347748
322.16763998020224 498.7676928922508 309.51638316474845 499.7734678366016 323.0729996116155 497.9748255347748
309.51638316474845 499.7734678366016 302.075517058138 480.97734298129734 323.0729996116155 497.9748255347748
334.7296355333861 496.9615506024416 322.16763998020224 498.7676928922508 323.0729996116155 497.9748255347748
284.1500086286423 499.3709551903885 271.53703234534294 497.9642883761866 281.07803450466054 482.97734298129734
334.7296355333861 496.9615506024416 324.0729996116155 475.97734298129734 323.0729996116155 497.9748255347748
271.53703234534294 497.9642883761866 259.03866638696184 495.7604892429557 261.08055195118305 494.9748255347748
259.03866638696184 495.7604892429557 255.08055195118305 476.97734298129734 261.08055195118305 494.9748255347748
271.53703234534294 497.9642883761866 261.08055195118305 494.9748255347748 281.07803450466054 482.97734298129734
284.1500086286423 499.3709551903885 281.07803450466054 482.97734298129734 299.075517058138 494.9748255347748
309.51638316474845 499.7734678366016 302.075517058138 480.97734298129734 299.075517058138 494.9748255347748
347.1517871018855 494.3623136647083 334.7296355333861 496.9615506024416 343.070482165093 483.97734298129734
259.03866638696184 495.7604892429557 246.70523726199298 492.7684317119884 255.08055195118305 476.97734298129734
359.384075065655 490.9804482888148 347.1517871018855 494.3623136647083 357.06796471857047 480.97734298129734
246.70523726199298 492.7684317119884 234.58640733651566 489.0001637429337 237.08306939770557 478.97734298129734
371.3772443183744 486.82957205302137 359.384075065655 490.9804482888148 357.06796471857047 480.97734298129734
234.58640733651566 489.0001637429337 222.73097486137425 484.4708588209163 237.08306939770557 478.97734298129734
334.7296355333861 496.9615506024416 324.0729996116155 475.97734298129734 343.070482165093 483.97734298129734
347.1517871018855 494.3623136647083 343.070482165093 483.97734298129734 357.06796471857047 480.97734298129734
255.08055195118305 476.97734298129734 261.08055195118305 494.9748255347748 281.07803450466054 482.97734298129734
281.07803450466054 482.97734298129734 302.075517058138 480.97734298129734 299.075517058138 494.9748255347748
383.0830026003773 481.9263990709037 371.3772443183744 486.82957205302137 375.06544727204795 482.97734298129734
371.3772443183744 486.82957205302137 357.06796471857047 480.97734298129734 375.06544727204795 482.97734298129734
222.73097486137425 484.4708588209163 211.18667747884518 479.1987548582672 222.08558684422806 481.97734298129734
222.73097486137425 484.4708588209163 222.08558684422806 481.97734298129734 237.08306939770557 478.97734298129734
383.0830026003773 481.9263990709037 375.06544727204795 460.97986042781986 375.06544727204795 482.97734298129734
281.07803450466054 482.97734298129734 301.075517058138 463.97986042781986 302.075517058138 480.97734298129734
302.075517058138 480.97734298129734 324.0729996116155 475.97734298129734 323.0729996116155 497.9748255347748
335.070482165093 460.97986042781986 343.070482165093 483.97734298129734 357.06796471857047 480.97734298129734
364.06796471857047 461.97986042781986 357.06796471857047 480.97734298129734 375.06544727204795 482.97734298129734
211.18667747884518 479.1987548582672 218.08558684422806 454.97986042781986 222.08558684422806 481.97734298129734
218.08558684422806 454.97986042781986 222.08558684422806 481.97734298129734 237.08306939770557 478.97734298129734
246.70523726199298 492.7684317119884 237.08306939770557 478.97734298129734 255.08055195118305 476.97734298129734
243.08306939770557 460.97986042781986 237.08306939770557 478.97734298129734 255.08055195118305 476.97734298129734
263.08055195118305 460.97986042781986 255.08055195118305 476.97734298129734 281.07803450466054 482.97734298129734
394.45421495453655 476.29067268951644 383.0830026003773 481.9263990709037 375.06544727204795 460.97986042781986
301.075517058138 463.97986042781986 302.075517058138 480.97734298129734 324.0729996116155 475.97734298129734
324.0729996116155 475.97734298129734 335.070482165093 460.97986042781986 343.070482165093 483.97734298129734
211.18667747884518 479.1987548582672 199.99999999999994 473.2050807568877 218.08558684422806 454.97986042781986
405.4450935221005 469.94508598990285 394.45421495453655 476.29067268951644 401.06292982552543 463.97986042781986
199.99999999999994 473.2050807568877 189.21598722677794 466.51397092695424 197.08810429075055 454.97986042781986
281.07803450466054 460.97986042781986 281.07803450466054 482.97734298129734 301.075517058138 463.97986042781986
301.075517058138 463.97986042781986 319.0729996116155 459.97986042781986 324.0729996116155 475.97734298129734
394.45421495453655 476.29067268951644 375.06544727204795 460.97986042781986 401.06292982552543 463.97986042781986
416.0113819142396 462.9151904100671 405.4450935221005 469.94508598990285 401.06292982552543 463.97986042781986
416.0113819142396 462.9151904100671 401.06292982552543 463.97986042781986 420.0604123790029 455.97986042781986
335.070482165093 460.97986042781986 364.06796471857047 461.97986042781986 357.06796471857047 480.97734298129734
364.06796471857047 461.97986042781986 375.06544727204795 460.97986042781986 375.06544727204795 482.97734298129734
218.08558684422806 454.97986042781986 243.08306939770557 460.97986042781986 237.08306939770557 478.97734298129734
243.08306939770557 460.97986042781986 263.08055195118305 460.97986042781986 255.08055195118305 476.97734298129734
243.08306939770557 460.97986042781986 261.08055195118305 437.9823778743424 263.08055195118305 460.97986042781986
263.08055195118305 460.97986042781986 281.07803450466054 460.97986042781986 281.07803450466054 482.97734298129734
263.08055195118305 460.97986042781986 277.07803450466054 443.9823778743424 281.07803450466054 460.97986042781986
281.07803450466054 460.97986042781986 300.075517058138 440.9823778743424 301.075517058138 463.97986042781986
319.0729996116155 459.97986042781986 324.0729996116155 475.97734298129734 335.070482165093 460.97986042781986
335.070482165093 460.97986042781986 357.06796471857047 440.9823778743424 364.06796471857047 461.97986042781986
357.06796471857047 440.9823778743424 364.06796471857047 461.97986042781986 375.06544727204795 460.97986042781986
384.06544727204795 435.9823778743424 375.06544727204795 460.97986042781986 401.06292982552543 463.97986042781986
300.075517058138 440.9823778743424 301.075517058138 463.97986042781986 319.0729996116155 459.97986042781986
317.0729996116155 439.9823778743424 319.0729996116155 459.97986042781986 335.070482165093 460.97986042781986
189.21598722677794 466.51397092695424 178.87806257246663 459.15236810616636 197.08810429075055 454.97986042781986
402.06292982552543 436.9823778743424 401.06292982552543 463.97986042781986 420.0604123790029 455.97986042781986
426.1105334169045 455.22929285835136 416.0113819142396 462.9151904100671 420.0604123790029 455.97986042781986
426.1105334169045 455.22929285835136 424.0604123790029 438.9823778743424 420.0604123790029 455.97986042781986
178.87806257246663 459.15236810616636 169.027853210943 451.14991487085166 177.09062173727304 454.97986042781986
178.87806257246663 459.15236810616636 177.09062173727304 454.97986042781986 197.08810429075055 454.97986042781986
184.09062173727304 438.9823778743424 177.09062173727304 454.97986042781986 197.08810429075055 454.97986042781986
199.99999999999994 473.2050807568877 197.08810429075055 454.97986042781986 218.08558684422806 454.97986042781986
195.08810429075055 437.9823778743424 197.08810429075055 454.97986042781986 218.08558684422806 454.97986042781986
223.08558684422806 438.9823778743424 218.08558684422806 454.97986042781986 243.08306939770557 460.97986042781986
169.027853210943 451.14991487085166 184.09062173727304 438.9823778743424 177.09062173727304 454.97986042781986
435.7018823114264 446.91834173150664 426.1105334169045 455.22929285835136 424.0604123790029 438.9823778743424
261.08055195118305 437.9823778743424 263.08055195118305 460.97986042781986 277.07803450466054 443.9823778743424
277.07803450466054 443.9823778743424 281.07803450466054 460.97986042781986 300.075517058138 440.9823778743424
444.746807621014 438.0158022964224 435.7018823114264 446.91834173150664 439.0578949324804 442.9823778743424
435.7018823114264 446.91834173150664 424.0604123790029 438.9823778743424 439.0578949324804 442.9823778743424
169.027853210943 451.14991487085166 159.70502245873573 442.5388342757725 184.09062173727304 438.9823778743424
277.07803450466054 443.9823778743424 299.075517058138 419.9848953208649 300.075517058138 440.9823778743424
300.075517058138 440.9823778743424 317.0729996116155 439.9823778743424 319.0729996116155 459.97986042781986
344.070482165093 438.9823778743424 335.070482165093 460.97986042781986 357.06796471857047 440.9823778743424
357.06796471857047 440.9823778743424 384.06544727204795 435.9823778743424 375.06544727204795 460.97986042781986
299.075517058138 419.9848953208649 300.075517058138 440.9823778743424 317.0729996116155 439.9823778743424
317.0729996116155 439.9823778743424 344.070482165093 438.9823778743424 335.070482165093 460.97986042781986
159.70502245873573 442.5388342757725 179.09062173727304 421.9848953208649 184.09062173727304 438.9823778743424
184.09062173727304 438.9823778743424 195.08810429075055 437.9823778743424 197.08810429075055 454.97986042781986
195.08810429075055 437.9823778743424 223.08558684422806 438.9823778743424 218.08558684422806 454.97986042781986
223.08558684422806 438.9823778743424 235.08306939770557 435.9823778743424 243.08306939770557 460.97986042781986
321.0729996116155 418.9848953208649 317.0729996116155 439.9823778743424 344.070482165093 438.9823778743424
344.070482165093 438.9823778743424 362.06796471857047 415.9848953208649 357.06796471857047 440.9823778743424
402.06292982552543 436.9823778743424 424.0604123790029 438.9823778743424 420.0604123790029 455.97986042781986
424.0604123790029 438.9823778743424 439.0578949324804 423.9848953208649 439.0578949324804 442.9823778743424
444.746807621014 438.0158022964224 439.0578949324804 423.9848953208649 439.0578949324804 442.9823778743424
179.09062173727304 421.9848953208649 184.09062173727304 438.9823778743424 195.08810429075055 437.9823778743424
195.08810429075055 437.9823778743424 221.08558684422806 421.9848953208649 223.08558684422806 438.9823778743424
235.08306939770557 435.9823778743424 243.08306939770557 460.97986042781986 261.08055195118305 437.9823778743424
261.08055195118305 437.9823778743424 276.07803450466054 417.9848953208649 277.07803450466054 443.9823778743424
384.06544727204795 435.9823778743424 402.06292982552543 436.9823778743424 401.06292982552543 463.97986042781986
402.06292982552543 436.9823778743424 420.0604123790029 420.9848953208649 424.0604123790029 438.9823778743424
221.08558684422806 421.9848953208649 223.08558684422806 438.9823778743424 235.08306939770557 435.9823778743424
241.08306939770557 419.9848953208649 235.08306939770557 435.9823778743424 261.08055195118305 437.9823778743424
357.06796471857047 440.9823778743424 381.06544727204795 419.9848953208649 384.06544727204795 435.9823778743424
384.06544727204795 435.9823778743424 404.06292982552543 422.9848953208649 402.06292982552543 436.9823778743424
159.70502245873573 442.5388342757725 150.94711006484906 433.3538001032583 159.09313918379553 422.9848953208649
453.2088886237956 428.55752193730785 444.746807621014 438.0158022964224 439.0578949324804 423.9848953208649
420.0604123790029 420.9848953208649 424.0604123790029 438.9823778743424 439.0578949324804 423.9848953208649
461.05405150621175 418.58158581092806 453.2088886237956 428.55752193730785 439.0578949324804 423.9848953208649
150.94711006484906 433.3538001032583 142.7893810514425 423.631797244121 159.09313918379553 422.9848953208649
142.7893810514425 423.631797244121 155.09313918379553 396.9874127673874 159.09313918379553 422.9848953208649
159.70502245873573 442.5388342757725 159.09313918379553 422.9848953208649 179.09062173727304 421.9848953208649
381.06544727204795 419.9848953208649 384.06544727204795 435.9823778743424 404.06292982552543 422.9848953208649
404.06292982552543 422.9848953208649 402.06292982552543 436.9823778743424 420.0604123790029 420.9848953208649
159.09313918379553 422.9848953208649 177.09062173727304 400.9874127673874 179.09062173727304 421.9848953208649
179.09062173727304 421.9848953208649 202.08810429075055 415.9848953208649 195.08810429075055 437.9823778743424
202.08810429075055 415.9848953208649 195.08810429075055 437.9823778743424 221.08558684422806 421.9848953208649
221.08558684422806 421.9848953208649 241.08306939770557 419.9848953208649 235.08306939770557 435.9823778743424
404.06292982552543 422.9848953208649 415.0604123790029 398.9874127673874 420.0604123790029 420.9848953208649
420.0604123790029 420.9848953208649 443.0578949324804 401.9874127673874 439.0578949324804 423.9848953208649
221.08558684422806 421.9848953208649 240.08306939770557 400.9874127673874 241.08306939770557 419.9848953208649
241.08306939770557 419.9848953208649 260.08055195118305 419.9848953208649 261.08055195118305 437.9823778743424
241.08306939770557 419.9848953208649 255.08055195118305 403.9874127673874 260.08055195118305 419.9848953208649
260.08055195118305 419.9848953208649 261.08055195118305 437.9823778743424 276.07803450466054 417.9848953208649
276.07803450466054 417.9848953208649 277.07803450466054 443.9823778743424 299.075517058138 419.9848953208649
299.075517058138 419.9848953208649 321.0729996116155 418.9848953208649 317.0729996116155 439.9823778743424
362.06796471857047 415.9848953208649 357.06796471857047 440.9823778743424 381.06544727204795 419.9848953208649
381.06544727204795 419.9848953208649 397.06292982552543 398.9874127673874 404.06292982552543 422.9848953208649
302.075517058138 398.9874127673874 299.075517058138 419.9848953208649 321.0729996116155 418.9848953208649
321.0729996116155 418.9848953208649 342.070482165093 415.9848953208649 344.070482165093 438.9823778743424
461.05405150621175 418.58158581092806 443.0578949324804 401.9874127673874 439.0578949324804 423.9848953208649
255.08055195118305 403.9874127673874 260.08055195118305 419.9848953208649 276.07803450466054 417.9848953208649
280.07803450466054 400.9874127673874 276.07803450466054 417.9848953208649 299.075517058138 419.9848953208649
179.09062173727304 421.9848953208649 196.08810429075055 397.9874127673874 202.08810429075055 415.9848953208649
202.08810429075055 415.9848953208649 221.08558684422806 394.9874127673874 221.08558684422806 421.9848953208649
321.0729996116155 418.9848953208649 341.070482165093 403.9874127673874 342.070482165093 415.9848953208649
342.070482165093 415.9848953208649 344.070482165093 438.9823778743424 362.06796471857047 415.9848953208649
341.070482165093 403.9874127673874 342.070482165093 415.9848953208649 362.06796471857047 415.9848953208649
362.06796471857047 415.9848953208649 381.06544727204795 398.9874127673874 381.06544727204795 419.9848953208649
142.7893810514425 423.631797244121 135.26468371403345 413.4119727725542 137.09565663031802 403.9874127673874
468.2507065662362 408.1281634911195 461.05405150621175 418.58158581092806 461.0553774859579 395.9874127673874
135.26468371403345 413.4119727725542 128.40331735300458 402.73547831468125 137.09565663031802 403.9874127673874
142.7893810514425 423.631797244121 137.09565663031802 403.9874127673874 155.09313918379553 396.9874127673874
240.08306939770557 400.9874127673874 241.08306939770557 419.9848953208649 255.08055195118305 403.9874127673874
255.08055195118305 403.9874127673874 280.07803450466054 400.9874127673874 276.07803450466054 417.9848953208649
324.0729996116155 398.9874127673874 321.0729996116155 418.9848953208649 341.070482165093 403.9874127673874
341.070482165093 403.9874127673874 364.06796471857047 396.9874127673874 362.06796471857047 415.9848953208649
128.40331735300458 402.73547831468125 122.23291026901532 391.6453043454821 137.09565663031802 403.9874127673874
415.0604123790029 398.9874127673874 420.0604123790029 420.9848953208649 443.0578949324804 401.9874127673874
461.05405150621175 418.58158581092806 443.0578949324804 401.9874127673874 461.0553774859579 395.9874127673874
155.09313918379553 396.9874127673874 159.09313918379553 422.9848953208649 177.09062173727304 400.9874127673874
177.09062173727304 400.9874127673874 179.09062173727304 421.9848953208649 196.08810429075055 397.9874127673874
221.08558684422806 394.9874127673874 221.08558684422806 421.9848953208649 240.08306939770557 400.9874127673874
238.08306939770557 383.98993021390993 240.08306939770557 400.9874127673874 255.08055195118305 403.9874127673874
262.08055195118305 381.98993021390993 255.08055195118305 403.9874127673874 280.07803450466054 400.9874127673874
280.07803450466054 400.9874127673874 302.075517058138 398.9874127673874 299.075517058138 419.9848953208649
282.07803450466054 381.98993021390993 280.07803450466054 400.9874127673874 302.075517058138 398.9874127673874
302.075517058138 398.9874127673874 324.0729996116155 398.9874127673874 321.0729996116155 418.9848953208649
302.075517058138 398.9874127673874 315.0729996116155 378.98993021390993 324.0729996116155 398.9874127673874
324.0729996116155 398.9874127673874 341.070482165093 375.98993021390993 341.070482165093 403.9874127673874
364.06796471857047 396.9874127673874 362.06796471857047 415.9848953208649 381.06544727204795 398.9874127673874
381.06544727204795 398.9874127673874 381.06544727204795 419.9848953208649 397.06292982552543 398.9874127673874
381.06544727204795 398.9874127673874 397.06292982552543 382.98993021390993 397.06292982552543 398.9874127673874
397.06292982552543 398.9874127673874 404.06292982552543 422.9848953208649 415.0604123790029 398.9874127673874
397.06292982552543 382.98993021390993 397.06292982552543 398.9874127673874 415.0604123790029 398.9874127673874
415.0604123790029 398.9874127673874 437.0578949324804 377.98993021390993 443.0578949324804 401.9874127673874
183.09062173727304 381.98993021390993 177.09062173727304 400.9874127673874 196.08810429075055 397.9874127673874
196.08810429075055 397.9874127673874 202.08810429075055 415.9848953208649 221.08558684422806 394.9874127673874
474.769875413957 397.23934722009375 468.2507065662362 408.1281634911195 461.0553774859579 395.9874127673874
137.09565663031802 377.98993021390993 137.09565663031802 403.9874127673874 155.09313918379553 396.9874127673874
156.09313918379553 382.98993021390993 155.09313918379553 396.9874127673874 177.09062173727304 400.9874127673874
341.070482165093 403.9874127673874 363.06796471857047 382.98993021390993 364.06796471857047 396.9874127673874
363.06796471857047 382.98993021390993 364.06796471857047 396.9874127673874 381.06544727204795 398.9874127673874
443.0578949324804 401.9874127673874 455.0553774859579 378.98993021390993 461.0553774859579 395.9874127673874
474.769875413957 397.23934722009375 461.0553774859579 395.9874127673874 479.05286003943536 382.98993021390993
204.08810429075055 379.98993021390993 196.08810429075055 397.9874127673874 221.08558684422806 394.9874127673874
221.08558684422806 394.9874127673874 238.08306939770557 383.98993021390993 240.08306939770557 400.9874127673874
122.23291026901532 391.6453043454821 137.09565663031802 377.98993021390993 137.09565663031802 403.9874127673874
480.5853076573242 385.95898241783436 474.769875413957 397.23934722009375 479.05286003943536 382.98993021390993
218.08558684422806 376.98993021390993 221.08558684422806 394.9874127673874 238.08306939770557 383.98993021390993
238.08306939770557 383.98993021390993 262.08055195118305 381.98993021390993 255.08055195118305 403.9874127673874
137.09565663031802 377.98993021390993 156.09313918379553 382.98993021390993 155.09313918379553 396.9874127673874
156.09313918379553 382.98993021390993 183.09062173727304 381.98993021390993 177.09062173727304 400.9874127673874
341.070482165093 375.98993021390993 341.070482165093 403.9874127673874 363.06796471857047 382.98993021390993
363.06796471857047 382.98993021390993 383.06544727204795 374.98993021390993 381.06544727204795 398.9874127673874
383.06544727204795 374.98993021390993 381.06544727204795 398.9874127673874 397.06292982552543 382.98993021390993
397.06292982552543 382.98993021390993 421.0604123790029 376.98993021390993 415.0604123790029 398.9874127673874
455.0553774859579 378.98993021390993 461.0553774859579 395.9874127673874 479.05286003943536 382.98993021390993
485.6735866032145 374.3324911320655 480.5853076573242 385.95898241783436 479.05286003943536 382.98993021390993
156.09313918379553 362.99244766043245 156.09313918379553 382.98993021390993 183.09062173727304 381.98993021390993
183.09062173727304 381.98993021390993 204.08810429075055 379.98993021390993 196.08810429075055 397.9874127673874
244.08306939770557 360.99244766043245 238.08306939770557 383.98993021390993 262.08055195118305 381.98993021390993
262.08055195118305 381.98993021390993 282.07803450466054 381.98993021390993 280.07803450466054 400.9874127673874
262.08055195118305 381.98993021390993 283.07803450466054 358.99244766043245 282.07803450466054 381.98993021390993
282.07803450466054 381.98993021390993 300.075517058138 381.98993021390993 302.075517058138 398.9874127673874
282.07803450466054 381.98993021390993 300.075517058138 361.99244766043245 300.075517058138 381.98993021390993
300.075517058138 381.98993021390993 302.075517058138 398.9874127673874 315.0729996116155 378.98993021390993
122.23291026901532 391.6453043454821 116.77830851358607 380.1861070813227 122.09817407684051 376.98993021390993
183.09062173727304 381.98993021390993 201.08810429075055 360.99244766043245 204.08810429075055 379.98993021390993
204.08810429075055 379.98993021390993 218.08558684422806 376.98993021390993 221.08558684422806 394.9874127673874
300.075517058138 361.99244766043245 300.075517058138 381.98993021390993 315.0729996116155 378.98993021390993
315.0729996116155 378.98993021390993 324.0729996116155 398.9874127673874 341.070482165093 375.98993021390993
437.0578949324804 377.98993021390993 443.0578949324804 401.9874127673874 455.0553774859579 378.98993021390993
455.0553774859579 378.98993021390993 480.05286003943536 363.99244766043245 479.05286003943536 382.98993021390993
122.23291026901532 391.6453043454821 122.09817407684051 376.98993021390993 137.09565663031802 377.98993021390993
137.09565663031802 377.98993021390993 156.09313918379553 362.99244766043245 156.09313918379553 382.98993021390993
421.0604123790029 376.98993021390993 415.0604123790029 398.9874127673874 437.0578949324804 377.98993021390993
437.0578949324804 377.98993021390993 455.0553774859579 361.99244766043245 455.0553774859579 378.98993021390993
116.77830851358607 380.1861070813227 112.06147584281834 368.40402866513375 122.09817407684051 376.98993021390993
122.09817407684051 360.99244766043245 122.09817407684051 376.98993021390993 137.09565663031802 377.98993021390993
201.08810429075055 360.99244766043245 204.08810429075055 379.98993021390993 218.08558684422806 376.98993021390993
223.08558684422806 361.99244766043245 218.08558684422806 376.98993021390993 238.08306939770557 383.98993021390993
396.06292982552543 358.99244766043245 397.06292982552543 382.98993021390993 421.0604123790029 376.98993021390993
419.0604123790029 359.99244766043245 421.0604123790029 376.98993021390993 437.0578949324804 377.98993021390993
315.0729996116155 378.98993021390993 338.070482165093 361.99244766043245 341.070482165093 375.98993021390993
341.070482165093 375.98993021390993 364.06796471857047 354.99244766043245 363.06796471857047 382.98993021390993
363.06796471857047 382.98993021390993 376.06544727204795 363.99244766043245 383.06544727204795 374.98993021390993
383.06544727204795 374.98993021390993 396.06292982552543 358.99244766043245 397.06292982552543 382.98993021390993
485.6735866032145 374.3324911320655 480.05286003943536 363.99244766043245 479.05286003943536 382.98993021390993
112.06147584281834 368.40402866513375 122.09817407684051 360.99244766043245 122.09817407684051 376.98993021390993
364.06796471857047 354.99244766043245 363.06796471857047 382.98993021390993 376.06544727204795 363.99244766043245
376.06544727204795 363.99244766043245 383.06544727204795 374.98993021390993 396.06292982552543 358.99244766043245
455.0553774859579 361.99244766043245 455.0553774859579 378.98993021390993 480.05286003943536 363.99244766043245
490.0142235481891 362.40668913969745 485.6735866032145 374.3324911320655 480.05286003943536 363.99244766043245
137.09565663031802 356.99244766043245 137.09565663031802 377.98993021390993 156.09313918379553 362.99244766043245
156.09313918379553 362.99244766043245 180.09062173727304 358.99244766043245 183.09062173727304 381.98993021390993
493.58974027927127 350.22959743621584 490.0142235481891 362.40668913969745 480.05286003943536 363.99244766043245
201.08810429075055 360.99244766043245 223.08558684422806 361.99244766043245 218.08558684422806 376.98993021390993
223.08558684422806 361.99244766043245 244.08306939770557 360.99244766043245 238.08306939770557 383.98993021390993
283.07803450466054 358.99244766043245 282.07803450466054 381.98993021390993 300.075517058138 361.99244766043245
300.075517058138 361.99244766043245 316.0729996116155 356.99244766043245 315.0729996116155 378.98993021390993
316.0729996116155 356.99244766043245 315.0729996116155 378.98993021390993 338.070482165093 361.99244766043245
338.070482165093 361.99244766043245 341.070482165093 375.98993021390993 364.06796471857047 354.99244766043245
444.0578949324804 357.99244766043245 437.0578949324804 377.98993021390993 455.0553774859579 361.99244766043245
455.0553774859579 361.99244766043245 476.05286003943536 335.99496510695496 480.05286003943536 363.99244766043245
112.06147584281834 368.40402866513375 108.10140527710053 356.3465113682859 122.09817407684051 360.99244766043245
122.09817407684051 360.99244766043245 137.09565663031802 356.99244766043245 137.09565663031802 377.98993021390993
180.09062173727304 358.99244766043245 183.09062173727304 381.98993021390993 201.08810429075055 360.99244766043245
201.08810429075055 360.99244766043245 223.08558684422806 343.99496510695496 223.08558684422806 361.99244766043245
223.08558684422806 343.99496510695496 223.08558684422806 361.99244766043245 244.08306939770557 360.99244766043245
244.08306939770557 360.99244766043245 255.08055195118305 355.99244766043245 262.08055195118305 381.98993021390993
396.06292982552543 358.99244766043245 419.0604123790029 359.99244766043245 421.0604123790029 376.98993021390993
419.0604123790029 359.99244766043245 444.0578949324804 357.99244766043245 437.0578949324804 377.98993021390993
157.09313918379553 341.99496510695496 156.09313918379553 362.99244766043245 180.09062173727304 358.99244766043245
180.09062173727304 358.99244766043245 203.08810429075055 340.99496510695496 201.08810429075055 360.99244766043245
255.08055195118305 355.99244766043245 262.08055195118305 381.98993021390993 283.07803450466054 358.99244766043245
283.07803450466054 358.99244766043245 303.075517058138 335.99496510695496 300.075517058138 361.99244766043245
379.06544727204795 338.99496510695496 376.06544727204795 363.99244766043245 396.06292982552543 358.99244766043245
404.06292982552543 334.99496510695496 396.06292982552543 358.99244766043245 419.0604123790029 359.99244766043245
419.0604123790029 359.99244766043245 439.0578949324804 341.99496510695496 444.0578949324804 357.99244766043245
444.0578949324804 357.99244766043245 455.0553774859579 339.99496510695496 455.0553774859579 361.99244766043245
118.09817407684051 338.99496510695496 122.09817407684051 360.99244766043245 137.09565663031802 356.99244766043245
143.09565663031802 341.99496510695496 137.09565663031802 356.99244766043245 156.09313918379553 362.99244766043245
303.075517058138 335.99496510695496 300.075517058138 361.99244766043245 316.0729996116155 356.99244766043245
319.0729996116155 343.99496510695496 316.0729996116155 356.99244766043245 338.070482165093 361.99244766043245
108.10140527710053 356.3465113682859 118.09817407684051 338.99496510695496 122.09817407684051 360.99244766043245
241.08306939770557 336.99496510695496 244.08306939770557 360.99244766043245 255.08055195118305 355.99244766043245
255.08055195118305 355.99244766043245 279.07803450466054 342.99496510695496 283.07803450466054 358.99244766043245
338.070482165093 361.99244766043245 356.06796471857047 338.99496510695496 364.06796471857047 354.99244766043245
364.06796471857047 354.99244766043245 379.06544727204795 338.99496510695496 376.06544727204795 363.99244766043245
493.58974027927127 350.22959743621584 476.05286003943536 335.99496510695496 480.05286003943536 363.99244766043245
108.10140527710053 356.3465113682859 104.9140426229186 344.06210655730814 118.09817407684051 338.99496510695496
203.08810429075055 340.99496510695496 201.08810429075055 360.99244766043245 223.08558684422806 343.99496510695496
223.08558684422806 343.99496510695496 241.08306939770557 336.99496510695496 244.08306939770557 360.99244766043245
303.075517058138 335.99496510695496 319.0729996116155 343.99496510695496 316.0729996116155 356.99244766043245
319.0729996116155 343.99496510695496 338.070482165093 338.99496510695496 338.070482165093 361.99244766043245
259.08055195118305 342.99496510695496 255.08055195118305 355.99244766043245 279.07803450466054 342.99496510695496
241.08306939770557 336.99496510695496 259.08055195118305 342.99496510695496 255.08055195118305 355.99244766043245
259.08055195118305 342.99496510695496 279.07803450466054 323.9974825534775 279.07803450466054 342.99496510695496
279.07803450466054 342.99496510695496 283.07803450466054 358.99244766043245 303.075517058138 335.99496510695496
118.09817407684051 338.99496510695496 143.09565663031802 341.99496510695496 137.09565663031802 356.99244766043245
143.09565663031802 341.99496510695496 157.09313918379553 341.99496510695496 156.09313918379553 362.99244766043245
143.09565663031802 341.99496510695496 162.09313918379553 320.9974825534775 157.09313918379553 341.99496510695496
157.09313918379553 341.99496510695496 178.09062173727304 340.99496510695496 180.09062173727304 358.99244766043245
423.0604123790029 338.99496510695496 419.0604123790029 359.99244766043245 439.0578949324804 341.99496510695496
439.0578949324804 341.99496510695496 444.0578949324804 357.99244766043245 455.0553774859579 339.99496510695496
162.09313918379553 320.9974825534775 157.09313918379553 341.99496510695496 178.09062173727304 340.99496510695496
178.09062173727304 340.99496510695496 180.09062173727304 358.99244766043245 203.08810429075055 340.99496510695496
178.09062173727304 340.99496510695496 196.08810429075055 317.9974825534775 203.08810429075055 340.99496510695496
203.08810429075055 340.99496510695496 218.08558684422806 315.9974825534775 223.08558684422806 343.99496510695496
444.0578949324804 316.9974825534775 439.0578949324804 341.99496510695496 455.0553774859579 339.99496510695496
455.0553774859579 339.99496510695496 455.0553774859579 361.99244766043245 476.05286003943536 335.99496510695496
104.9140426229186 344.06210655730814 102.51222226472115 331.60027919466995 118.09817407684051 338.99496510695496
118.09817407684051 338.99496510695496 136.09565663031802 323.9974825534775 143.09565663031802 341.99496510695496
324.0729996116155 318.9974825534775 319.0729996116155 343.99496510695496 338.070482165093 338.99496510695496
338.070482165093 338.99496510695496 338.070482165093 361.99244766043245 356.06796471857047 338.99496510695496
343.070482165093 317.9974825534775 338.070482165093 338.99496510695496 356.06796471857047 338.99496510695496
356.06796471857047 338.99496510695496 364.06796471857047 354.99244766043245 379.06544727204795 338.99496510695496
363.06796471857047 319.9974825534775 356.06796471857047 338.99496510695496 379.06544727204795 338.99496510695496
379.06544727204795 338.99496510695496 404.06292982552543 334.99496510695496 396.06292982552543 358.99244766043245
404.06292982552543 334.99496510695496 423.0604123790029 338.99496510695496 419.0604123790029 359.99244766043245
423.0604123790029 338.99496510695496 444.0578949324804 316.9974825534775 439.0578949324804 341.99496510695496
496.3857394525413 337.85024887208203 493.58974027927127 350.22959743621584 476.05286003943536 335.99496510695496
218.08558684422806 315.9974825534775 223.08558684422806 343.99496510695496 241.08306939770557 336.99496510695496
241.08306939770557 336.99496510695496 259.08055195118305 318.9974825534775 259.08055195118305 342.99496510695496
279.07803450466054 323.9974825534775 279.07803450466054 342.99496510695496 303.075517058138 335.99496510695496
303.075517058138 335.99496510695496 324.0729996116155 318.9974825534775 319.0729996116155 343.99496510695496
455.0553774859579 339.99496510695496 476.05286003943536 323.9974825534775 476.05286003943536 335.99496510695496
496.3857394525413 337.85024887208203 476.05286003943536 323.9974825534775 476.05286003943536 335.99496510695496
379.06544727204795 338.99496510695496 396.06292982552543 314.9974825534775 404.06292982552543 334.99496510695496
404.06292982552543 334.99496510695496 420.0604123790029 318.9974825534775 423.0604123790029 338.99496510695496
102.51222226472115 331.60027919466995 122.09817407684051 321.9974825534775 118.09817407684051 338.99496510695496
498.39096256615903 325.3184907147498 496.3857394525413 337.85024887208203 476.05286003943536 323.9974825534775
122.09817407684051 321.9974825534775 118.09817407684051 338.99496510695496 136.09565663031802 323.9974825534775
136.09565663031802 323.9974825534775 143.09565663031802 341.99496510695496 162.09313918379553 320.9974825534775
259.08055195118305 318.9974825534775 259.08055195118305 342.99496510695496 279.07803450466054 323.9974825534775
279.07803450466054 323.9974825534775 304.075517058138 318.9974825534775 303.075517058138 335.99496510695496
455.0553774859579 318.9974825534775 455.0553774859579 339.99496510695496 476.05286003943536 323.9974825534775
499.5973352943769 312.6847839313129 498.39096256615903 325.3184907147498 476.05286003943536 323.9974825534775
102.51222226472115 331.60027919466995 100.9056154853831 319.0112086608365 122.09817407684051 321.9974825534775
122.09817407684051 321.9974825534775 142.09565663031802 301.0 136.09565663031802 323.9974825534775
142.09565663031802 301.0 136.09565663031802 323.9974825534775 162.09313918379553 320.9974825534775
162.09313918379553 320.9974825534775 180.09062173727304 317.9974825534775 178.09062173727304 340.99496510695496
343.070482165093 317.9974825534775 363.06796471857047 319.9974825534775 356.06796471857047 338.99496510695496
363.06796471857047 319.9974825534775 378.06544727204795 316.9974825534775 379.06544727204795 338.99496510695496
100.9056154853831 319.0112086608365 118.09817407684051 300.0 122.09817407684051 321.9974825534775
239.08306939770557 314.9974825534775 241.08306939770557 336.99496510695496 259.08055195118305 318.9974825534775
260.08055195118305 296.0 259.08055195118305 318.9974825534775 279.07803450466054 323.9974825534775
284.07803450466054 295.0 279.07803450466054 323.9974825534775 304.075517058138 318.9974825534775
304.075517058138 318.9974825534775 303.075517058138 335.99496510695496 324.0729996116155 318.9974825534775
304.075517058138 318.9974825534775 323.0729996116155 304.0 324.0729996116155 318.9974825534775
324.0729996116155 318.9974825534775 343.070482165093 317.9974825534775 338.070482165093 338.99496510695496
396.06292982552543 314.9974825534775 404.06292982552543 334.99496510695496 420.0604123790029 318.9974825534775
420.0604123790029 318.9974825534775 423.0604123790029 338.99496510695496 444.0578949324804 316.9974825534775
444.0578949324804 316.9974825534775 455.0553774859579 318.9974825534775 455.0553774859579 339.99496510695496
459.0553774859579 302.0 455.0553774859579 318.9974825534775 476.05286003943536 323.9974825534775
161.09313918379553 295.0 162.09313918379553 320.9974825534775 180.09062173727304 317.9974825534775
180.09062173727304 317.9974825534775 178.09062173727304 340.99496510695496 196.08810429075055 317.9974825534775
178.09062173727304 295.0 180.09062173727304 317.9974825534775 196.08810429075055 317.9974825534775
196.08810429075055 317.9974825534775 203.08810429075055 340.99496510695496 218.08558684422806 315.9974825534775
323.0729996116155 304.0 324.0729996116155 318.9974825534775 343.070482165093 317.9974825534775
343.070482165093 317.9974825534775 364.06796471857047 302.0 363.06796471857047 319.9974825534775
364.06796471857047 302.0 363.06796471857047 319.9974825534775 378.06544727204795 316.9974825534775
378.06544727204795 316.9974825534775 379.06544727204795 338.99496510695496 396.06292982552543 314.9974825534775
420.0604123790029 318.9974825534775 442.0578949324804 304.0 444.0578949324804 316.9974825534775
442.0578949324804 304.0 444.0578949324804 316.9974825534775 455.0553774859579 318.9974825534775
200.08810429075055 296.0 196.08810429075055 317.9974825534775 218.08558684422806 315.9974825534775
218.08558684422806 315.9974825534775 239.08306939770557 314.9974825534775 241.08306939770557 336.99496510695496
222.08558684422806 296.0 218.08558684422806 315.9974825534775 239.08306939770557 314.9974825534775
244.08306939770557 303.0 239.08306939770557 314.9974825534775 259.08055195118305 318.9974825534775
377.06544727204795 296.0 378.06544727204795 316.9974825534775 396.06292982552543 314.9974825534775
402.06292982552543 297.0 396.06292982552543 314.9974825534775 420.0604123790029 318.9974825534775
499.5973352943769 312.6847839313129 476.05286003943536 298.0 476.05286003943536 323.9974825534775
100.9056154853831 319.0112086608365 100.100691523363 306.34558669961353 118.09817407684051 300.0
299.075517058138 297.0 304.075517058138 318.9974825534775 323.0729996116155 304.0
323.0729996116155 304.0 337.070482165093 297.0 343.070482165093 317.9974825534775
419.0604123790029 298.0 420.0604123790029 318.9974825534775 442.0578949324804 304.0
442.0578949324804 304.0 459.0553774859579 302.0 455.0553774859579 318.9974825534775
222.08558684422806 296.0 244.08306939770557 303.0 239.08306939770557 314.9974825534775
244.08306939770557 303.0 260.08055195118305 296.0 259.08055195118305 318.9974825534775
337.070482165093 297.0 343.070482165093 317.9974825534775 364.06796471857047 302.0
364.06796471857047 302.0 377.06544727204795 296.0 378.06544727204795 316.9974825534775
438.0578949324804 276.0025174465225 442.0578949324804 304.0 459.0553774859579 302.0
459.0553774859579 302.0 476.05286003943536 298.0 476.05286003943536 323.9974825534775
118.09817407684051 300.0 122.09817407684051 321.9974825534775 142.09565663031802 301.0
142.09565663031802 301.0 161.09313918379553 295.0 162.09313918379553 320.9974825534775
100.100691523363 306.34558669961353 100.100691523363 293.6544133003864 118.09817407684051 300.0
118.09817407684051 300.0 136.09565663031802 281.0025174465225 142.09565663031802 301.0
500.0 300.0 499.5973352943769 312.6847839313129 476.05286003943536 298.0
500.0 300.0 499.5973352943769 287.3152160686871 500.0 299.99999999999994
402.06292982552543 297.0 419.0604123790029 298.0 420.0604123790029 318.9974825534775
424.0604123790029 281.0025174465225 419.0604123790029 298.0 442.0578949324804 304.0
464.0553774859579 278.0025174465225 459.0553774859579 302.0 476.05286003943536 298.0
500.0 300.0 499.5973352943769 287.3152160686871 476.05286003943536 298.0
284.07803450466054 295.0 299.075517058138 297.0 304.075517058138 318.9974825534775
299.075517058138 297.0 319.0729996116155 277.0025174465225 323.0729996116155 304.0
319.0729996116155 277.0025174465225 323.0729996116155 304.0 337.070482165093 297.0
337.070482165093 297.0 356.06796471857047 283.0025174465225 364.06796471857047 302.0
377.06544727204795 296.0 402.06292982552543 297.0 396.06292982552543 314.9974825534775
398.06292982552543 282.0025174465225 402.06292982552543 297.0 419.0604123790029 298.0
178.09062173727304 295.0 200.08810429075055 296.0 196.08810429075055 317.9974825534775
200.08810429075055 296.0 222.08558684422806 296.0 218.08558684422806 315.9974825534775
202.08810429075055 284.0025174465225 200.08810429075055 296.0 222.08558684422806 296.0
222.08558684422806 296.0 241.08306939770557 279.0025174465225 244.08306939770557 303.0
241.08306939770557 279.0025174465225 244.08306939770557 303.0 260.08055195118305 296.0
260.08055195118305 296.0 284.07803450466054 295.0 279.07803450466054 323.9974825534775
356.06796471857047 283.0025174465225 364.06796471857047 302.0 377.06544727204795 296.0
383.06544727204795 282.0025174465225 377.06544727204795 296.0 402.06292982552543 297.0
142.09565663031802 301.0 162.09313918379553 284.0025174465225 161.09313918379553 295.0
161.09313918379553 295.0 178.09062173727304 295.0 180.09062173727304 317.9974825534775
162.09313918379553 284.0025174465225 161.09313918379553 295.0 178.09062173727304 295.0
182.09062173727304 282.0025174465225 178.09062173727304 295.0 200.08810429075055 296.0
260.08055195118305 296.0 279.07803450466054 283.0025174465225 284.07803450466054 295.0
284.07803450466054 295.0 299.075517058138 277.0025174465225 299.075517058138 297.0
100.100691523363 293.6544133003864 115.09817407684051 281.0025174465225 118.09817407684051 300.0
499.5973352943769 287.3152160686871 481.05286003943536 278.0025174465225 476.05286003943536 298.0
136.09565663031802 281.0025174465225 142.09565663031802 301.0 162.09313918379553 284.0025174465225
162.09313918379553 284.0025174465225 182.09062173727304 282.0025174465225 178.09062173727304 295.0
182.09062173727304 282.0025174465225 202.08810429075055 284.0025174465225 200.08810429075055 296.0
202.08810429075055 284.0025174465225 217.08558684422806 277.0025174465225 222.08558684422806 296.0
257.08055195118305 279.0025174465225 260.08055195118305 296.0 279.07803450466054 283.0025174465225
279.07803450466054 283.0025174465225 284.07803450466054 295.0 299.075517058138 277.0025174465225
338.070482165093 282.0025174465225 337.070482165093 297.0 356.06796471857047 283.0025174465225
356.06796471857047 283.0025174465225 383.06544727204795 282.0025174465225 377.06544727204795 296.0
163.09313918379553 264.00503489304504 162.09313918379553 284.0025174465225 182.09062173727304 282.0025174465225
182.09062173727304 282.0025174465225 197.08810429075055 257.00503489304504 202.08810429075055 284.0025174465225
319.0729996116155 277.0025174465225 338.070482165093 282.0025174465225 337.070482165093 297.0
343.070482165093 260.00503489304504 338.070482165093 282.0025174465225 356.06796471857047 283.0025174465225
356.06796471857047 283.0025174465225 377.06544727204795 264.00503489304504 383.06544727204795 282.0025174465225
383.06544727204795 282.0025174465225 398.06292982552543 282.0025174465225 402.06292982552543 297.0
377.06544727204795 264.00503489304504 383.06544727204795 282.0025174465225 398.06292982552543 282.0025174465225
398.06292982552543 282.0025174465225 424.0604123790029 281.0025174465225 419.0604123790029 298.0
100.100691523363 293.6544133003864 100.9056154853831 280.98879133916347 115.09817407684051 281.0025174465225
115.09817407684051 281.0025174465225 118.09817407684051 300.0 136.09565663031802 281.0025174465225
116.09817407684051 256.00503489304504 115.09817407684051 281.0025174465225 136.09565663031802 281.0025174465225
143.09565663031802 261.00503489304504 136.09565663031802 281.0025174465225 162.09313918379553 284.0025174465225
401.06292982552543 256.00503489304504 398.06292982552543 282.0025174465225 424.0604123790029 281.0025174465225
424.0604123790029 281.0025174465225 438.0578949324804 276.0025174465225 442.0578949324804 304.0
100.9056154853831 280.98879133916347 102.51222226472115 268.39972080533 115.09817407684051 281.0025174465225
217.08558684422806 277.0025174465225 222.08558684422806 296.0 241.08306939770557 279.0025174465225
241.08306939770557 279.0025174465225 257.08055195118305 279.0025174465225 260.08055195118305 296.0
241.08306939770557 279.0025174465225 255.08055195118305 257.00503489304504 257.08055195118305 279.0025174465225
257.08055195118305 279.0025174465225 283.07803450466054 257.00503489304504 279.07803450466054 283.0025174465225
438.0578949324804 276.0025174465225 464.0553774859579 278.0025174465225 459.0553774859579 302.0
464.0553774859579 278.0025174465225 481.05286003943536 278.0025174465225 476.05286003943536 298.0
464.0553774859579 278.0025174465225 481.05286003943536 262.00503489304504 481.05286003943536 278.0025174465225
498.39096256615903 274.6815092852502 499.5973352943769 287.3152160686871 481.05286003943536 278.0025174465225
197.08810429075055 257.00503489304504 202.08810429075055 284.0025174465225 217.08558684422806 277.0025174465225
219.08558684422806 262.00503489304504 217.08558684422806 277.0025174465225 241.08306939770557 279.0025174465225
283.07803450466054 257.00503489304504 279.07803450466054 283.0025174465225 299.075517058138 277.0025174465225
299.075517058138 277.0025174465225 299.075517058138 297.0 319.0729996116155 277.0025174465225
301.075517058138 257.00503489304504 299.075517058138 277.0025174465225 319.0729996116155 277.0025174465225
322.0729996116155 260.00503489304504 319.0729996116155 277.0025174465225 338.070482165093 282.0025174465225
424.0604123790029 259.00503489304504 424.0604123790029 281.0025174465225 438.0578949324804 276.0025174465225
438.0578949324804 276.0025174465225 459.0553774859579 262.00503489304504 464.0553774859579 278.0025174465225
498.39096256615903 274.6815092852502 481.05286003943536 262.00503489304504 481.05286003943536 278.0025174465225
102.51222226472115 268.39972080533 116.09817407684051 256.00503489304504 115.09817407684051 281.0025174465225
143.09565663031802 261.00503489304504 163.09313918379553 264.00503489304504 162.09313918379553 284.0025174465225
163.09313918379553 264.00503489304504 178.09062173727304 262.00503489304504 182.09062173727304 282.0025174465225
358.06796471857047 259.00503489304504 356.06796471857047 283.0025174465225 377.06544727204795 264.00503489304504
377.06544727204795 264.00503489304504 401.06292982552543 256.00503489304504 398.06292982552543 282.0025174465225
496.3857394525414 262.1497511279181 498.39096256615903 274.6815092852502 481.05286003943536 262.00503489304504
163.09313918379553 244.00755233956755 163.09313918379553 264.00503489304504 178.09062173727304 262.00503489304504
178.09062173727304 262.00503489304504 182.09062173727304 282.0025174465225 197.08810429075055 257.00503489304504
197.08810429075055 257.00503489304504 219.08558684422806 262.00503489304504 217.08558684422806 277.0025174465225
219.08558684422806 262.00503489304504 237.08306939770557 259.00503489304504 241.08306939770557 279.0025174465225
440.0578949324804 262.00503489304504 438.0578949324804 276.0025174465225 459.0553774859579 262.00503489304504
424.0604123790029 259.00503489304504 440.0578949324804 262.00503489304504 438.0578949324804 276.0025174465225
440.0578949324804 262.00503489304504 464.0553774859579 240.00755233956755 459.0553774859579 262.00503489304504
459.0553774859579 262.00503489304504 464.0553774859579 278.0025174465225 481.05286003943536 262.00503489304504
464.0553774859579 240.00755233956755 459.0553774859579 262.00503489304504 481.05286003943536 262.00503489304504
493.58974027927127 249.77040256378413 496.3857394525414 262.1497511279181 481.05286003943536 262.00503489304504
116.09817407684051 256.00503489304504 143.09565663031802 261.00503489304504 136.09565663031802 281.0025174465225
143.09565663031802 261.00503489304504 163.09313918379553 244.00755233956755 163.09313918379553 264.00503489304504
301.075517058138 257.00503489304504 322.0729996116155 260.00503489304504 319.0729996116155 277.0025174465225
322.0729996116155 260.00503489304504 343.070482165093 260.00503489304504 338.070482165093 282.0025174465225
322.0729996116155 260.00503489304504 335.070482165093 241.00755233956755 343.070482165093 260.00503489304504
343.070482165093 260.00503489304504 358.06796471857047 259.00503489304504 356.06796471857047 283.0025174465225
223.08558684422806 243.00755233956755 219.08558684422806 262.00503489304504 237.08306939770557 259.00503489304504
237.08306939770557 259.00503489304504 241.08306939770557 279.0025174465225 255.08055195118305 257.00503489304504
343.070482165093 260.00503489304504 360.06796471857047 241.00755233956755 358.06796471857047 259.00503489304504
360.06796471857047 241.00755233956755 358.06796471857047 259.00503489304504 377.06544727204795 264.00503489304504
401.06292982552543 256.00503489304504 424.0604123790029 259.00503489304504 424.0604123790029 281.0025174465225
424.0604123790029 259.00503489304504 435.0578949324804 236.00755233956755 440.0578949324804 262.00503489304504
176.09062173727304 236.00755233956755 178.09062173727304 262.00503489304504 197.08810429075055 257.00503489304504
203.08810429075055 240.00755233956755 197.08810429075055 257.00503489304504 219.08558684422806 262.00503489304504
241.08306939770557 243.00755233956755 237.08306939770557 259.00503489304504 255.08055195118305 257.00503489304504
255.08055195118305 257.00503489304504 257.08055195118305 279.0025174465225 283.07803450466054 257.00503489304504
258.08055195118305 242.00755233956755 255.08055195118305 257.00503489304504 283.07803450466054 257.00503489304504
283.07803450466054 257.00503489304504 301.075517058138 257.00503489304504 299.075517058138 277.0025174465225
283.07803450466054 257.00503489304504 299.075517058138 241.00755233956755 301.075517058138 257.00503489304504
301.075517058138 257.00503489304504 319.0729996116155 235.00755233956755 322.0729996116155 260.00503489304504
102.51222226472115 268.39972080533 104.9140426229186 255.9378934426919 116.09817407684051 256.00503489304504
116.09817407684051 256.00503489304504 140.09565663031802 242.00755233956755 143.09565663031802 261.00503489304504
377.06544727204795 264.00503489304504 397.06292982552543 242.00755233956755 401.06292982552543 256.00503489304504
401.06292982552543 256.00503489304504 415.0604123790029 235.00755233956755 424.0604123790029 259.00503489304504
104.9140426229186 255.9378934426919 108.10140527710053 243.65348863171403 116.09817407684051 256.00503489304504
493.58974027927127 249.77040256378413 476.05286003943536 237.00755233956755 481.05286003943536 262.00503489304504
140.09565663031802 242.00755233956755 143.09565663031802 261.00503489304504 163.09313918379553 244.00755233956755
163.09313918379553 244.00755233956755 176.09062173727304 236.00755233956755 178.09062173727304 262.00503489304504
108.10140527710053 243.65348863171403 118.09817407684051 235.00755233956755 116.09817407684051 256.00503489304504
203.08810429075055 240.00755233956755 223.08558684422806 243.00755233956755 219.08558684422806 262.00503489304504
223.08558684422806 243.00755233956755 241.08306939770557 243.00755233956755 237.08306939770557 259.00503489304504
224.08558684422806 218.01006978609004 223.08558684422806 243.00755233956755 241.08306939770557 243.00755233956755
241.08306939770557 243.00755233956755 258.08055195118305 242.00755233956755 255.08055195118305 257.00503489304504
118.09817407684051 235.00755233956755 116.09817407684051 256.00503489304504 140.09565663031802 242.00755233956755
140.09565663031802 242.00755233956755 161.09313918379553 215.01006978609004 163.09313918379553 244.00755233956755
242.08306939770557 219.01006978609004 241.08306939770557 243.00755233956755 258.08055195118305 242.00755233956755
258.08055195118305 242.00755233956755 283.07803450466054 242.00755233956755 283.07803450466054 257.00503489304504
258.08055195118305 242.00755233956755 279.07803450466054 218.01006978609004 283.07803450466054 242.00755233956755
283.07803450466054 242.00755233956755 283.07803450466054 257.00503489304504 299.075517058138 241.00755233956755
376.06544727204795 236.00755233956755 377.06544727204795 264.00503489304504 397.06292982552543 242.00755233956755
397.06292982552543 242.00755233956755 401.06292982552543 256.00503489304504 415.0604123790029 235.00755233956755
283.07803450466054 242.00755233956755 300.075517058138 224.01006978609004 299.075517058138 241.00755233956755
299.075517058138 241.00755233956755 301.075517058138 257.00503489304504 319.0729996116155 235.00755233956755
319.0729996116155 235.00755233956755 322.0729996116155 260.00503489304504 335.070482165093 241.00755233956755
335.070482165093 241.00755233956755 343.070482165093 260.00503489304504 360.06796471857047 241.00755233956755
339.070482165093 224.01006978609004 335.070482165093 241.00755233956755 360.06796471857047 241.00755233956755
360.06796471857047 241.00755233956755 376.06544727204795 236.00755233956755 377.06544727204795 264.00503489304504
176.09062173727304 236.00755233956755 203.08810429075055 240.00755233956755 197.08810429075055 257.00503489304504
203.08810429075055 240.00755233956755 224.08558684422806 218.01006978609004 223.08558684422806 243.00755233956755
435.0578949324804 236.00755233956755 440.0578949324804 262.00503489304504 464.0553774859579 240.00755233956755
464.0553774859579 240.00755233956755 476.05286003943536 237.00755233956755 481.05286003943536 262.00503489304504
490.0142235481891 237.59331086030258 493.58974027927127 249.77040256378413 476.05286003943536 237.00755233956755
458.0553774859579 222.01006978609004 464.0553774859579 240.00755233956755 476.05286003943536 237.00755233956755
485.6735866032145 225.66750886793454 490.0142235481891 237.59331086030258 476.05286003943536 237.00755233956755
161.09313918379553 215.01006978609004 163.09313918379553 244.00755233956755 176.09062173727304 236.00755233956755
176.09062173727304 236.00755233956755 199.08810429075055 223.01006978609004 203.08810429075055 240.00755233956755
356.06796471857047 222.01006978609004 360.06796471857047 241.00755233956755 376.06544727204795 236.00755233956755
376.06544727204795 236.00755233956755 399.06292982552543 222.01006978609004 397.06292982552543 242.00755233956755
415.0604123790029 235.00755233956755 424.0604123790029 259.00503489304504 435.0578949324804 236.00755233956755
444.0578949324804 222.01006978609004 435.0578949324804 236.00755233956755 464.0553774859579 240.00755233956755
108.10140527710053 243.65348863171403 112.06147584281831 231.59597133486625 118.09817407684051 235.00755233956755
118.09817407684051 235.00755233956755 135.09565663031802 223.01006978609004 140.09565663031802 242.00755233956755
300.075517058138 224.01006978609004 299.075517058138 241.00755233956755 319.0729996116155 235.00755233956755
319.0729996116155 235.00755233956755 339.070482165093 224.01006978609004 335.070482165093 241.00755233956755
399.06292982552543 222.01006978609004 397.06292982552543 242.00755233956755 415.0604123790029 235.00755233956755
418.0604123790029 220.01006978609004 415.0604123790029 235.00755233956755 435.0578949324804 236.00755233956755
112.06147584281831 231.59597133486625 116.77830851358607 219.81389291867725 118.09817407684051 235.00755233956755
485.6735866032145 225.66750886793454 476.05286003943536 219.01006978609004 476.05286003943536 237.00755233956755
279.07803450466054 218.01006978609004 283.07803450466054 242.00755233956755 300.075517058138 224.01006978609004
300.075517058138 224.01006978609004 316.0729996116155 222.01006978609004 319.0729996116155 235.00755233956755
316.0729996116155 222.01006978609004 319.0729996116155 235.00755233956755 339.070482165093 224.01006978609004
339.070482165093 224.01006978609004 356.06796471857047 222.01006978609004 360.06796471857047 241.00755233956755
124.09817407684051 219.01006978609004 118.09817407684051 235.00755233956755 135.09565663031802 223.01006978609004
135.09565663031802 223.01006978609004 140.09565663031802 242.00755233956755 161.09313918379553 215.01006978609004
176.09062173727304 215.01006978609004 176.09062173727304 236.00755233956755 199.08810429075055 223.01006978609004
199.08810429075055 223.01006978609004 203.08810429075055 240.00755233956755 224.08558684422806 218.01006978609004
301.075517058138 204.01258723261253 300.075517058138 224.01006978609004 316.0729996116155 222.01006978609004
316.0729996116155 222.01006978609004 336.070482165093 201.01258723261253 339.070482165093 224.01006978609004
336.070482165093 201.01258723261253 339.070482165093 224.01006978609004 356.06796471857047 222.01006978609004
356.06796471857047 222.01006978609004 380.06544727204795 218.01006978609004 376.06544727204795 236.00755233956755
380.06544727204795 218.01006978609004 376.06544727204795 236.00755233956755 399.06292982552543 222.01006978609004
399.06292982552543 222.01006978609004 418.0604123790029 220.01006978609004 415.0604123790029 235.00755233956755
418.0604123790029 220.01006978609004 444.0578949324804 222.01006978609004 435.0578949324804 236.00755233956755
444.0578949324804 222.01006978609004 458.0553774859579 222.01006978609004 464.0553774859579 240.00755233956755
444.0578949324804 222.01006978609004 457.0553774859579 199.01258723261253 458.0553774859579 222.01006978609004
458.0553774859579 222.01006978609004 476.05286003943536 219.01006978609004 476.05286003943536 237.00755233956755
402.06292982552543 200.01258723261253 399.06292982552543 222.01006978609004 418.0604123790029 220.01006978609004
418.0604123790029 220.01006978609004 439.0578949324804 203.01258723261253 444.0578949324804 222.01006978609004
116.77830851358607 219.81389291867725 124.09817407684051 219.01006978609004 118.09817407684051 235.00755233956755
116.77830851358607 219.81389291867725 122.23291026901529 208.35469565451794 124.09817407684051 219.01006978609004
122.23291026901529 208.35469565451794 124.09817407684051 219.01006978609004 135.09565663031802 223.01006978609004
224.08558684422806 218.01006978609004 242.08306939770557 219.01006978609004 241.08306939770557 243.00755233956755
242.08306939770557 219.01006978609004 260.08055195118305 218.01006978609004 258.08055195118305 242.00755233956755
474.7698754139569 202.76065277990625 458.0553774859579 222.01006978609004 476.05286003943536 219.01006978609004
480.5853076573242 214.04101758216564 485.6735866032145 225.66750886793454 476.05286003943536 219.01006978609004
199.08810429075055 223.01006978609004 220.08558684422806 202.01258723261253 224.08558684422806 218.01006978609004
224.08558684422806 218.01006978609004 238.08306939770557 199.01258723261253 242.08306939770557 219.01006978609004
238.08306939770557 199.01258723261253 242.08306939770557 219.01006978609004 260.08055195118305 218.01006978609004
260.08055195118305 218.01006978609004 258.08055195118305 242.00755233956755 279.07803450466054 218.01006978609004
263.08055195118305 199.01258723261253 260.08055195118305 218.01006978609004 279.07803450466054 218.01006978609004
279.07803450466054 218.01006978609004 301.075517058138 204.01258723261253 300.075517058138 224.01006978609004
364.06796471857047 203.01258723261253 356.06796471857047 222.01006978609004 380.06544727204795 218.01006978609004
380.06544727204795 218.01006978609004 402.06292982552543 200.01258723261253 399.06292982552543 222.01006978609004
143.09565663031802 199.01258723261253 135.09565663031802 223.01006978609004 161.09313918379553 215.01006978609004
161.09313918379553 215.01006978609004 176.09062173727304 215.01006978609004 176.09062173727304 236.00755233956755
159.09313918379553 196.01258723261253 161.09313918379553 215.01006978609004 176.09062173727304 215.01006978609004
176.09062173727304 215.01006978609004 201.08810429075055 201.01258723261253 199.08810429075055 223.01006978609004
474.7698754139569 202.76065277990625 480.5853076573242 214.04101758216564 476.05286003943536 219.01006978609004
122.23291026901529 208.35469565451794 143.09565663031802 199.01258723261253 135.09565663031802 223.01006978609004
276.07803450466054 195.01258723261253 279.07803450466054 218.01006978609004 301.075517058138 204.01258723261253
301.075517058138 204.01258723261253 315.0729996116155 197.01258723261253 316.0729996116155 222.01006978609004
336.070482165093 201.01258723261253 364.06796471857047 203.01258723261253 356.06796471857047 222.01006978609004
364.06796471857047 203.01258723261253 377.06544727204795 200.01258723261253 380.06544727204795 218.01006978609004
421.0604123790029 197.01258723261253 418.0604123790029 220.01006978609004 439.0578949324804 203.01258723261253
439.0578949324804 203.01258723261253 444.0578949324804 222.01006978609004 457.0553774859579 199.01258723261253
474.7698754139569 202.76065277990625 457.0553774859579 199.01258723261253 458.0553774859579 222.01006978609004
201.08810429075055 201.01258723261253 199.08810429075055 223.01006978609004 220.08558684422806 202.01258723261253
220.08558684422806 202.01258723261253 224.08558684422806 218.01006978609004 238.08306939770557 199.01258723261253
183.09062173727304 196.01258723261253 176.09062173727304 215.01006978609004 201.08810429075055 201.01258723261253
201.08810429075055 201.01258723261253 215.08558684422806 182.01510467913502 220.08558684422806 202.01258723261253
315.0729996116155 197.01258723261253 316.0729996116155 222.01006978609004 336.070482165093 201.01258723261253
336.070482165093 201.01258723261253 361.06796471857047 182.01510467913502 364.06796471857047 203.01258723261253
361.06796471857047 182.01510467913502 364.06796471857047 203.01258723261253 377.06544727204795 200.01258723261253
377.06544727204795 200.01258723261253 380.06544727204795 218.01006978609004 402.06292982552543 200.01258723261253
381.06544727204795 178.01510467913502 377.06544727204795 200.01258723261253 402.06292982552543 200.01258723261253
402.06292982552543 200.01258723261253 421.0604123790029 197.01258723261253 418.0604123790029 220.01006978609004
122.23291026901529 208.35469565451794 128.4033173530046 197.2645216853187 143.09565663031802 199.01258723261253
143.09565663031802 199.01258723261253 159.09313918379553 196.01258723261253 161.09313918379553 215.01006978609004
215.08558684422806 182.01510467913502 220.08558684422806 202.01258723261253 238.08306939770557 199.01258723261253
238.08306939770557 199.01258723261253 263.08055195118305 199.01258723261253 260.08055195118305 218.01006978609004
240.08306939770557 182.01510467913502 238.08306939770557 199.01258723261253 263.08055195118305 199.01258723261253
263.08055195118305 199.01258723261253 276.07803450466054 195.01258723261253 279.07803450466054 218.01006978609004
435.0578949324804 180.01510467913502 439.0578949324804 203.01258723261253 457.0553774859579 199.01258723261253
468.2507065662362 191.8718365088805 474.7698754139569 202.76065277990625 457.0553774859579 199.01258723261253
128.4033173530046 197.2645216853187 135.26468371403345 186.58802722744588 143.09565663031802 199.01258723261253
299.075517058138 180.01510467913502 301.075517058138 204.01258723261253 315.0729996116155 197.01258723261253
315.0729996116155 197.01258723261253 337.070482165093 179.01510467913502 336.070482165093 201.01258723261253
402.06292982552543 179.01510467913502 402.06292982552543 200.01258723261253 421.0604123790029 197.01258723261253
421.0604123790029 197.01258723261253 435.0578949324804 180.01510467913502 439.0578949324804 203.01258723261253
144.09565663031802 182.01510467913502 143.09565663031802 199.01258723261253 159.09313918379553 196.01258723261253
159.09313918379553 196.01258723261253 183.09062173727304 196.01258723261253 176.09062173727304 215.01006978609004
159.09313918379553 196.01258723261253 176.09062173727304 184.01510467913502 183.09062173727304 196.01258723261253
183.09062173727304 196.01258723261253 199.08810429075055 175.01510467913502 201.08810429075055 201.01258723261253
263.08055195118305 180.01510467913502 263.08055195118305 199.01258723261253 276.07803450466054 195.01258723261253
276.07803450466054 195.01258723261253 299.075517058138 180.01510467913502 301.075517058138 204.01258723261253
461.05405150621175 181.41841418907197 468.2507065662362 191.8718365088805 457.0553774859579 199.01258723261253
135.26468371403345 186.58802722744588 144.09565663031802 182.01510467913502 143.09565663031802 199.01258723261253
163.09313918379553 181.01510467913502 159.09313918379553 196.01258723261253 176.09062173727304 184.01510467913502
176.09062173727304 184.01510467913502 183.09062173727304 196.01258723261253 199.08810429075055 175.01510467913502
135.26468371403345 186.58802722744588 142.78938105144252 176.36820275587894 144.09565663031802 182.01510467913502
144.09565663031802 182.01510467913502 163.09313918379553 181.01510467913502 159.09313918379553 196.01258723261253
199.08810429075055 175.01510467913502 201.08810429075055 201.01258723261253 215.08558684422806 182.01510467913502
215.08558684422806 182.01510467913502 240.08306939770557 182.01510467913502 238.08306939770557 199.01258723261253
219.08558684422806 163.0176221256575 215.08558684422806 182.01510467913502 240.08306939770557 182.01510467913502
240.08306939770557 182.01510467913502 263.08055195118305 180.01510467913502 263.08055195118305 199.01258723261253
337.070482165093 179.01510467913502 336.070482165093 201.01258723261253 361.06796471857047 182.01510467913502
361.06796471857047 182.01510467913502 381.06544727204795 178.01510467913502 377.06544727204795 200.01258723261253
461.05405150621175 181.41841418907197 435.0578949324804 180.01510467913502 457.0553774859579 199.01258723261253
150.94711006484906 166.6461998967417 144.09565663031802 182.01510467913502 163.09313918379553 181.01510467913502
164.09313918379553 156.0176221256575 163.09313918379553 181.01510467913502 176.09062173727304 184.01510467913502
280.07803450466054 181.01510467913502 276.07803450466054 195.01258723261253 299.075517058138 180.01510467913502
263.08055195118305 180.01510467913502 280.07803450466054 181.01510467913502 276.07803450466054 195.01258723261253
422.0604123790029 181.01510467913502 421.0604123790029 197.01258723261253 435.0578949324804 180.01510467913502
402.06292982552543 179.01510467913502 422.0604123790029 181.01510467913502 421.0604123790029 197.01258723261253
241.08306939770557 163.0176221256575 240.08306939770557 182.01510467913502 263.08055195118305 180.01510467913502
263.08055195118305 180.01510467913502 282.07803450466054 161.0176221256575 280.07803450466054 181.01510467913502
282.07803450466054 161.0176221256575 280.07803450466054 181.01510467913502 299.075517058138 180.01510467913502
299.075517058138 180.01510467913502 318.0729996116155 176.01510467913502 315.0729996116155 197.01258723261253
419.0604123790029 157.0176221256575 422.0604123790029 181.01510467913502 435.0578949324804 180.01510467913502
453.2088886237956 171.4424780626921 461.05405150621175 181.41841418907197 435.0578949324804 180.01510467913502
318.0729996116155 176.01510467913502 315.0729996116155 197.01258723261253 337.070482165093 179.01510467913502
337.070482165093 179.01510467913502 361.06796471857047 158.0176221256575 361.06796471857047 182.01510467913502
381.06544727204795 178.01510467913502 402.06292982552543 179.01510467913502 402.06292982552543 200.01258723261253
402.06292982552543 179.01510467913502 419.0604123790029 157.0176221256575 422.0604123790029 181.01510467913502
361.06796471857047 182.01510467913502 377.06544727204795 160.0176221256575 381.06544727204795 178.01510467913502
381.06544727204795 178.01510467913502 397.06292982552543 155.0176221256575 402.06292982552543 179.01510467913502
142.78938105144252 176.36820275587894 150.94711006484906 166.6461998967417 144.09565663031802 182.01510467913502
298.075517058138 161.0176221256575 299.075517058138 180.01510467913502 318.0729996116155 176.01510467913502
323.0729996116155 163.0176221256575 318.0729996116155 176.01510467913502 337.070482165093 179.01510467913502
183.09062173727304 155.0176221256575 176.09062173727304 184.01510467913502 199.08810429075055 175.01510467913502
199.08810429075055 175.01510467913502 219.08558684422806 163.0176221256575 215.08558684422806 182.01510467913502
453.2088886237956 171.4424780626921 442.0578949324804 164.0176221256575 435.0578949324804 180.01510467913502
150.94711006484906 166.6461998967417 159.70502245873575 157.4611657242274 163.09313918379553 181.01510467913502
419.0604123790029 157.0176221256575 442.0578949324804 164.0176221256575 435.0578949324804 180.01510467913502
444.746807621014 161.9841977035776 453.2088886237956 171.4424780626921 442.0578949324804 164.0176221256575
203.08810429075055 161.0176221256575 199.08810429075055 175.01510467913502 219.08558684422806 163.0176221256575
219.08558684422806 163.0176221256575 241.08306939770557 163.0176221256575 240.08306939770557 182.01510467913502
216.08558684422806 142.02013957218 219.08558684422806 163.0176221256575 241.08306939770557 163.0176221256575
241.08306939770557 163.0176221256575 258.08055195118305 157.0176221256575 263.08055195118305 180.01510467913502
298.075517058138 161.0176221256575 323.0729996116155 163.0176221256575 318.0729996116155 176.01510467913502
323.0729996116155 163.0176221256575 337.070482165093 158.0176221256575 337.070482165093 179.01510467913502
435.70188231142646 153.08165826849338 444.746807621014 161.9841977035776 442.0578949324804 164.0176221256575
183.09062173727304 155.0176221256575 203.08810429075055 161.0176221256575 199.08810429075055 175.01510467913502
203.08810429075055 161.0176221256575 216.08558684422806 142.02013957218 219.08558684422806 163.0176221256575
258.08055195118305 157.0176221256575 263.08055195118305 180.01510467913502 282.07803450466054 161.0176221256575
282.07803450466054 161.0176221256575 298.075517058138 161.0176221256575 299.075517058138 180.01510467913502
282.07803450466054 161.0176221256575 298.075517058138 142.02013957218 298.075517058138 161.0176221256575
298.075517058138 161.0176221256575 320.0729996116155 140.02013957218 323.0729996116155 163.0176221256575
361.06796471857047 158.0176221256575 361.06796471857047 182.01510467913502 377.06544727204795 160.0176221256575
377.06544727204795 160.0176221256575 381.06544727204795 178.01510467913502 397.06292982552543 155.0176221256575
320.0729996116155 140.02013957218 323.0729996116155 163.0176221256575 337.070482165093 158.0176221256575
337.070482165093 158.0176221256575 337.070482165093 179.01510467913502 361.06796471857047 158.0176221256575
337.070482165093 158.0176221256575 357.06796471857047 144.02013957218 361.06796471857047 158.0176221256575
357.06796471857047 144.02013957218 361.06796471857047 158.0176221256575 377.06544727204795 160.0176221256575
159.70502245873575 157.4611657242274 164.09313918379553 156.0176221256575 163.09313918379553 181.01510467913502
242.08306939770557 139.02013957218 241.08306939770557 163.0176221256575 258.08055195118305 157.0176221256575
258.08055195118305 157.0176221256575 276.07803450466054 137.02013957218 282.07803450466054 161.0176221256575
397.06292982552543 155.0176221256575 402.06292982552543 179.01510467913502 419.0604123790029 157.0176221256575
435.70188231142646 153.08165826849338 419.0604123790029 157.0176221256575 442.0578949324804 164.0176221256575
159.70502245873575 157.4611657242274 169.02785321094296 148.85008512914837 164.09313918379553 156.0176221256575
164.09313918379553 156.0176221256575 183.09062173727304 155.0176221256575 176.09062173727304 184.01510467913502
169.02785321094296 148.85008512914837 164.09313918379553 156.0176221256575 183.09062173727304 155.0176221256575
183.09062173727304 155.0176221256575 198.08810429075055 140.02013957218 203.08810429075055 161.0176221256575
383.06544727204795 140.02013957218 377.06544727204795 160.0176221256575 397.06292982552543 155.0176221256575
403.06292982552543 140.02013957218 397.06292982552543 155.0176221256575 419.0604123790029 157.0176221256575
426.11053341690456 144.77070714164867 435.70188231142646 153.08165826849338 419.0604123790029 157.0176221256575
169.02785321094296 148.85008512914837 178.87806257246666 140.84763189383358 183.09062173727304 155.0176221256575
416.01138191423956 137.08480958993283 426.11053341690456 144.77070714164867 419.0604123790029 157.0176221256575
339.070482165093 135.02013957218 337.070482165093 158.0176221256575 357.06796471857047 144.02013957218
357.06796471857047 144.02013957218 383.06544727204795 140.02013957218 377.06544727204795 160.0176221256575
198.08810429075055 140.02013957218 203.08810429075055 161.0176221256575 216.08558684422806 142.02013957218
216.08558684422806 142.02013957218 242.08306939770557 139.02013957218 241.08306939770557 163.0176221256575
276.07803450466054 137.02013957218 282.07803450466054 161.0176221256575 298.075517058138 142.02013957218
298.075517058138 142.02013957218 298.075517058138 161.0176221256575 320.0729996116155 140.02013957218
178.87806257246666 140.84763189383358 183.09062173727304 155.0176221256575 198.08810429075055 140.02013957218
178.87806257246666 140.84763189383358 189.21598722677788 133.48602907304576 198.08810429075055 140.02013957218
200.00000000000006 126.79491924311225 198.08810429075055 140.02013957218 216.08558684422806 142.02013957218
299.075517058138 121.02265701870249 298.075517058138 142.02013957218 320.0729996116155 140.02013957218
320.0729996116155 140.02013957218 339.070482165093 135.02013957218 337.070482165093 158.0176221256575
361.06796471857047 122.02265701870249 357.06796471857047 144.02013957218 383.06544727204795 140.02013957218
383.06544727204795 140.02013957218 403.06292982552543 140.02013957218 397.06292982552543 155.0176221256575
394.4542149545366 123.70932731048362 383.06544727204795 140.02013957218 403.06292982552543 140.02013957218
416.01138191423956 137.08480958993283 403.06292982552543 140.02013957218 419.0604123790029 157.0176221256575
223.08558684422806 121.02265701870249 216.08558684422806 142.02013957218 242.08306939770557 139.02013957218
242.08306939770557 139.02013957218 258.08055195118305 136.02013957218 258.08055195118305 157.0176221256575
405.4450935221005 130.05491401009712 416.01138191423956 137.08480958993283 403.06292982552543 140.02013957218
258.08055195118305 136.02013957218 258.08055195118305 157.0176221256575 276.07803450466054 137.02013957218
284.07803450466054 124.02265701870249 276.07803450466054 137.02013957218 298.075517058138 142.02013957218
243.08306939770557 120.02265701870249 242.08306939770557 139.02013957218 258.08055195118305 136.02013957218
264.08055195118305 122.02265701870249 258.08055195118305 136.02013957218 276.07803450466054 137.02013957218
323.0729996116155 118.02265701870249 320.0729996116155 140.02013957218 339.070482165093 135.02013957218
339.070482165093 135.02013957218 361.06796471857047 122.02265701870249 357.06796471857047 144.02013957218
189.21598722677788 133.48602907304576 200.00000000000006 126.79491924311225 198.08810429075055 140.02013957218
394.4542149545366 123.70932731048362 405.4450935221005 130.05491401009712 403.06292982552543 140.02013957218
200.00000000000006 126.79491924311225 211.1866774788452 120.8012451417328 216.08558684422806 142.02013957218
264.08055195118305 122.02265701870249 284.07803450466054 124.02265701870249 276.07803450466054 137.02013957218
284.07803450466054 124.02265701870249 299.075517058138 121.02265701870249 298.075517058138 142.02013957218
383.08300260037737 118.07360092909636 394.4542149545366 123.70932731048362 383.06544727204795 140.02013957218
243.08306939770557 120.02265701870249 264.08055195118305 122.02265701870249 258.08055195118305 136.02013957218
271.53703234534294 102.03571162381346 264.08055195118305 122.02265701870249 284.07803450466054 124.02265701870249
343.070482165093 121.02265701870249 339.070482165093 135.02013957218 361.06796471857047 122.02265701870249
361.06796471857047 122.02265701870249 376.06544727204795 119.02265701870249 383.06544727204795 140.02013957218
211.1866774788452 120.8012451417328 223.08558684422806 121.02265701870249 216.08558684422806 142.02013957218
223.08558684422806 121.02265701870249 243.08306939770557 120.02265701870249 242.08306939770557 139.02013957218
284.15000862864224 100.62904480961154 284.07803450466054 124.02265701870249 299.075517058138 121.02265701870249
299.075517058138 121.02265701870249 323.0729996116155 118.02265701870249 320.0729996116155 140.02013957218
323.0729996116155 118.02265701870249 343.070482165093 121.02265701870249 339.070482165093 135.02013957218
359.384075065655 109.01955171118522 343.070482165093 121.02265701870249 361.06796471857047 122.02265701870249
211.1866774788452 120.8012451417328 222.73097486137425 115.52914117908372 223.08558684422806 121.02265701870249
234.5864073365156 110.99983625706633 223.08558684422806 121.02265701870249 243.08306939770557 120.02265701870249
246.70523726199306 107.23156828801157 243.08306939770557 120.02265701870249 264.08055195118305 122.02265701870249
371.3772443183743 113.17042794697863 361.06796471857047 122.02265701870249 376.06544727204795 119.02265701870249
383.08300260037737 118.07360092909636 376.06544727204795 119.02265701870249 383.06544727204795 140.02013957218
371.3772443183743 113.17042794697863 383.08300260037737 118.07360092909636 376.06544727204795 119.02265701870249
309.5163831647485 100.22653216339842 299.075517058138 121.02265701870249 323.0729996116155 118.02265701870249
334.729635533386 103.03844939755837 323.0729996116155 118.02265701870249 343.070482165093 121.02265701870249
222.73097486137425 115.52914117908372 234.5864073365156 110.99983625706633 223.08558684422806 121.02265701870249
359.384075065655 109.01955171118522 371.3772443183743 113.17042794697863 361.06796471857047 122.02265701870249
234.5864073365156 110.99983625706633 246.70523726199306 107.23156828801157 243.08306939770557 120.02265701870249
347.1517871018855 105.63768633529168 359.384075065655 109.01955171118522 343.070482165093 121.02265701870249
246.70523726199306 107.23156828801157 259.0386663869619 104.23951075704426 264.08055195118305 122.02265701870249
334.729635533386 103.03844939755837 347.1517871018855 105.63768633529168 343.070482165093 121.02265701870249
259.0386663869619 104.23951075704426 271.53703234534294 102.03571162381346 264.08055195118305 122.02265701870249
322.1676399802022 101.23230710774916 334.729635533386 103.03844939755837 323.0729996116155 118.02265701870249
271.53703234534294 102.03571162381346 284.15000862864224 100.62904480961154 284.07803450466054 124.02265701870249
309.5163831647485 100.22653216339842 322.1676399802022 101.23230710774916 323.0729996116155 118.02265701870249
284.15000862864224 100.62904480961154 296.8268072330385 100.02517446522498 299.075517058138 121.02265701870249
296.8268072330385 100.02517446522498 309.5163831647485 100.22653216339842 299.075517058138 121.02265701870249
