145.14045207910317 151.14045207910317 130.42696805273545 166.32563726428836 115.04681735970105 135.56533587821957 133.56533587821957 117.04681735970105 164.99230393095502 131.0936347194021 176.23408679850527 163.52060277213755 160.18726943880424 180.23408679850527 2.0793039108600837
146.14045207910317 192.28090415820634 160.18726943880424 180.23408679850527 161.18726943880424 210.99438818457406 131.42696805273545 215.60445716887565 115.3801506930344 186.31585694162433 130.42696805273545 166.32563726428836 2.8717924166569215
148.14045207910317 243.4213562373095 161.8539361054709 274.18165762337827 131.7603013860688 265.8832770734629 116.04681735970105 240.3997113383624 131.42696805273545 215.60445716887565 161.18726943880424 210.99438818457406 177.90075346517196 226.7078722109418 178.23408679850527 258.13484026367723 4.546579342337004
147.14045207910317 287.5618083164127 162.18726943880424 303.6086256761137 132.0936347194021 313.8287636447169 115.71348402636772 292.1502324017672 131.7603013860688 265.8832770734629 161.8539361054709 274.18165762337827 3.943301937461472
149.14045207910317 331.70226039551585 132.0936347194021 313.8287636447169 162.18726943880424 303.6086256761137 178.90075346517196 319.32210970248144 165.52060277213755 349.08241108855026 133.0936347194021 363.44091688263757 116.3801506930344 343.90075346517193 4.57854652007499
150.14045207910317 380.842712474619 161.8539361054709 415.6030138606878 131.7603013860688 397.2012182687063 133.0936347194021 363.44091688263757 165.52060277213755 349.08241108855026 180.90075346517196 366.795895114918 178.56742013183862 399.55619650098674 4.6577221333341985
145.14045207910317 432.9831645537222 131.7603013860688 397.2012182687063 161.8539361054709 415.6030138606878 160.8539361054709 449.0299819134232 130.7603013860688 449.14670483996025 115.04681735970105 414.69809188827776 2.6422121419126134
147.14045207910317 481.12361663282536 163.18726943880424 506.5505846855608 130.7603013860688 496.4255247445476 115.71348402636772 467.78194628501586 130.7603013860688 449.14670483996025 160.8539361054709 449.0299819134232 176.90075346517196 463.74346593979095 179.23408679850527 492.50376732585977 2.166502469712894
145.14045207910317 519.2640687119285 130.7603013860688 496.4255247445476 163.18726943880424 506.5505846855608 161.52060277213755 535.3108860716296 129.0936347194021 543.7043446491349 115.04681735970105 517.5324673484207 1.202652328576017
142.14045207910317 567.4045207910317 178.23408679850527 553.3577034313306 164.32563726428836 580.2696805273545 132.56533587821957 589.1348402636772 114.04681735970105 570.6163217451586 129.0936347194021 543.7043446491349 161.52060277213755 535.3108860716296 0.6560794951147448
194.28090415820634 142.14045207910317 176.23408679850527 163.52060277213755 164.99230393095502 131.0936347194021 186.982523608291 114.04681735970105 214.93779050220897 129.0936347194021 224.7078722109418 160.18726943880424 207.99438818457406 177.56742013183862 4.1138276271779
189.28090415820634 197.28090415820634 177.90075346517196 226.7078722109418 161.18726943880424 210.99438818457406 160.18726943880424 180.23408679850527 176.23408679850527 163.52060277213755 207.99438818457406 177.56742013183862 208.66105485124072 209.99438818457406 6.809390476603646
196.28090415820634 239.4213562373095 208.66105485124072 209.99438818457406 227.04120554427513 225.7078722109418 226.04120554427513 257.46817359701055 207.99438818457406 273.18165762337827 178.23408679850527 258.13484026367723 177.90075346517196 226.7078722109418 10.511764689845414
190.28090415820634 291.5618083164127 178.90075346517196 319.32210970248144 162.18726943880424 303.6086256761137 161.8539361054709 274.18165762337827 178.23408679850527 258.13484026367723 207.99438818457406 273.18165762337827 208.3277215179074 304.9419590094471 8.80502600578332
197.28090415820634 334.70226039551585 180.90075346517196 366.795895114918 165.52060277213755 349.08241108855026 178.90075346517196 319.32210970248144 208.3277215179074 304.9419590094471 225.37453887760844 319.32210970248144 226.04120554427513 351.4157444218836 210.66105485124072 368.1292284482513 9.849350282553223
195.28090415820634 384.842712474619 224.04120554427513 399.55619650098674 207.66105485124072 415.6030138606878 178.56742013183862 399.55619650098674 180.90075346517196 366.795895114918 210.66105485124072 368.1292284482513 8.018559505426786
190.28090415820634 432.9831645537222 176.90075346517196 463.74346593979095 160.8539361054709 449.0299819134232 161.8539361054709 415.6030138606878 178.56742013183862 399.55619650098674 207.66105485124072 415.6030138606878 206.99438818457406 446.3633152467566 5.4138492161996545
193.28090415820634 477.12361663282536 176.90075346517196 463.74346593979095 206.99438818457406 446.3633152467566 225.37453887760844 460.0767992731243 225.37453887760844 490.8371006591931 209.3277215179074 505.8839180188941 179.23408679850527 492.50376732585977 4.6485390590713935
197.28090415820634 519.2640687119285 209.3277215179074 505.8839180188941 209.99438818457406 537.9775527382963 178.23408679850527 553.3577034313306 161.52060277213755 535.3108860716296 163.18726943880424 506.5505846855608 179.23408679850527 492.50376732585977 2.6423999218147514
195.28090415820634 573.4045207910317 178.23408679850527 553.3577034313306 209.99438818457406 537.9775527382963 225.37453887760844 555.0243700979973 216.60445716887565 581.2696805273545 187.31585694162433 591.1348402636772 164.32563726428836 580.2696805273545 1.2051460212730423
239.4213562373095 145.14045207910317 263.883277073463 131.42696805273545 255.13484026367723 162.52060277213755 224.7078722109418 160.18726943880424 214.93779050220897 129.0936347194021 239.06637800502912 115.04681735970105 6.091900117462506
240.4213562373095 193.28090415820634 227.04120554427513 225.7078722109418 208.66105485124072 209.99438818457406 207.99438818457406 177.56742013183862 224.7078722109418 160.18726943880424 255.13484026367723 162.52060277213755 270.18165762337827 178.56742013183862 269.51499095671164 207.66105485124072 256.13484026367723 224.7078722109418 13.141765491968416
244.4213562373095 244.4213562373095 227.04120554427513 225.7078722109418 256.13484026367723 224.7078722109418 273.51499095671164 256.46817359701055 258.13484026367723 273.84832429004496 226.04120554427513 257.46817359701055 18.219171535135384
237.4213562373095 288.5618083164127 257.13484026367723 303.9419590094471 225.37453887760844 319.32210970248144 208.3277215179074 304.9419590094471 207.99438818457406 273.18165762337827 226.04120554427513 257.46817359701055 258.13484026367723 273.84832429004496 15.719952137791926
241.4213562373095 334.70226039551585 257.13484026367723 303.9419590094471 275.18165762337827 319.9887763691481 273.84832429004496 352.7490777552169 256.46817359701055 368.795895114918 226.04120554427513 351.4157444218836 225.37453887760844 319.32210970248144 16.04939335818191
239.4213562373095 384.842712474619 224.04120554427513 399.55619650098674 210.66105485124072 368.1292284482513 226.04120554427513 351.4157444218836 256.46817359701055 368.795895114918 255.13484026367723 400.22286316765343 11.67626073194819
237.4213562373095 428.9831645537222 206.99438818457406 446.3633152467566 207.66105485124072 415.6030138606878 224.04120554427513 399.55619650098674 255.13484026367723 400.22286316765343 272.84832429004496 416.6030138606878 258.46817359701055 445.6966485800899 225.37453887760844 460.0767992731243 8.839609622335523
245.4213562373095 474.12361663282536 255.8015069303439 491.8371006591931 225.37453887760844 490.8371006591931 225.37453887760844 460.0767992731243 258.46817359701055 445.6966485800899 274.18165762337827 462.74346593979095 6.858630201175195
237.4213562373095 521.2640687119285 255.46817359701058 539.6442194049629 225.37453887760844 555.0243700979973 209.99438818457406 537.9775527382963 209.3277215179074 505.8839180188941 225.37453887760844 490.8371006591931 255.8015069303439 491.8371006591931 269.18165762337827 509.5505846855608 3.8948756157022526
243.4213562373095 570.4045207910317 225.37453887760844 555.0243700979973 255.46817359701058 539.6442194049629 273.51499095671164 556.0243700979973 267.2166104067963 580.2696805273545 240.3997113383624 590.1348402636772 216.60445716887565 581.2696805273545 1.7256669977656238
285.5618083164127 149.14045207910317 315.6554430358148 162.52060277213755 300.2752923427804 177.23408679850527 270.18165762337827 178.56742013183862 255.13484026367723 162.52060277213755 263.883277073463 131.42696805273545 291.4835657351005 116.3801506930344 312.8287636447169 132.7603013860688 11.232419658624838
284.5618083164127 193.28090415820634 315.32210970248144 206.99438818457406 299.6086256761137 222.7078722109418 269.51499095671164 207.66105485124072 270.18165762337827 178.56742013183862 300.2752923427804 177.23408679850527 22.255845645004737
283.5618083164127 236.4213562373095 299.6086256761137 222.7078722109418 302.2752923427804 254.46817359701058 273.51499095671164 256.46817359701055 256.13484026367723 224.7078722109418 269.51499095671164 207.66105485124072 25.540917026813148
292.5618083164127 288.5618083164127 306.9419590094471 319.32210970248144 275.18165762337827 319.9887763691481 257.13484026367723 303.9419590094471 258.13484026367723 273.84832429004496 273.51499095671164 256.46817359701055 302.2752923427804 254.46817359701058 319.9887763691481 272.51499095671164 321.9887763691481 303.9419590094471 27.570292084593664
291.5618083164127 336.70226039551585 275.18165762337827 319.9887763691481 306.9419590094471 319.32210970248144 321.9887763691481 349.7490777552169 305.9419590094471 367.795895114918 273.84832429004496 352.7490777552169 22.14186231535424
288.5618083164127 386.842712474619 256.46817359701055 368.795895114918 273.84832429004496 352.7490777552169 305.9419590094471 367.795895114918 319.32210970248144 398.55619650098674 304.2752923427804 416.6030138606878 272.84832429004496 416.6030138606878 255.13484026367723 400.22286316765343 15.443140120612531
292.5618083164127 433.9831645537222 304.2752923427804 463.41013260645764 274.18165762337827 462.74346593979095 258.46817359701055 445.6966485800899 272.84832429004496 416.6030138606878 304.2752923427804 416.6030138606878 319.9887763691481 446.3633152467566 10.833236164599619
284.5618083164127 480.12361663282536 255.8015069303439 491.8371006591931 274.18165762337827 462.74346593979095 304.2752923427804 463.41013260645764 318.6554430358148 493.1704339925264 301.9419590094471 510.2172513522275 269.18165762337827 509.5505846855608 7.023562311743243
285.5618083164127 527.2640687119285 304.2752923427804 540.3108860716296 273.51499095671164 556.0243700979973 255.46817359701058 539.6442194049629 269.18165762337827 509.5505846855608 301.9419590094471 510.2172513522275 4.101905068360758
291.5618083164127 570.4045207910317 293.4835657351005 590.1348402636772 267.2166104067963 580.2696805273545 273.51499095671164 556.0243700979973 304.2752923427804 540.3108860716296 321.6554430358148 555.0243700979973 317.1620969780502 580.6030138606878 2.049406121993338
330.70226039551585 149.14045207910317 343.5674201318386 116.3801506930344 362.44091688263757 132.42696805273545 346.7490777552169 162.18726943880424 315.6554430358148 162.52060277213755 312.8287636447169 132.7603013860688 13.42758590941078
330.70226039551585 189.28090415820634 346.7490777552169 162.18726943880424 363.1292284482513 175.56742013183862 347.08241108855026 205.66105485124072 315.32210970248144 206.99438818457406 300.2752923427804 177.23408679850527 315.6554430358148 162.52060277213755 27.07424391787423
330.70226039551585 238.4213562373095 302.2752923427804 254.46817359701058 299.6086256761137 222.7078722109418 315.32210970248144 206.99438818457406 347.08241108855026 205.66105485124072 364.795895114918 222.37453887760844 350.4157444218836 256.13484026367723 319.9887763691481 272.51499095671164 44.04083823550773
336.70226039551585 290.5618083164127 367.4625617815846 303.2752923427804 351.08241108855026 319.32210970248144 321.9887763691481 303.9419590094471 319.9887763691481 272.51499095671164 350.4157444218836 256.13484026367723 368.795895114918 271.51499095671164 43.23568883989721
336.70226039551585 332.70226039551585 321.9887763691481 349.7490777552169 306.9419590094471 319.32210970248144 321.9887763691481 303.9419590094471 351.08241108855026 319.32210970248144 351.4157444218836 349.08241108855026 29.73607418584072
337.70226039551585 379.842712474619 366.795895114918 366.4625617815846 366.1292284482513 399.55619650098674 349.08241108855026 414.26968052735447 319.32210970248144 398.55619650098674 305.9419590094471 367.795895114918 321.9887763691481 349.7490777552169 351.4157444218836 349.08241108855026 20.679246601768117
331.70226039551585 428.9831645537222 349.08241108855026 414.26968052735447 348.4157444218836 446.3633152467566 319.9887763691481 446.3633152467566 304.2752923427804 416.6030138606878 319.32210970248144 398.55619650098674 13.925813234389564
335.70226039551585 476.12361663282536 351.4157444218836 508.5505846855608 318.6554430358148 493.1704339925264 304.2752923427804 463.41013260645764 319.9887763691481 446.3633152467566 348.4157444218836 446.3633152467566 365.1292284482513 460.74346593979095 366.795895114918 491.50376732585977 9.29444621259789
335.70226039551585 523.2640687119285 321.6554430358148 555.0243700979973 304.2752923427804 540.3108860716296 301.9419590094471 510.2172513522275 318.6554430358148 493.1704339925264 351.4157444218836 508.5505846855608 352.08241108855026 540.3108860716296 5.268822495287017
337.70226039551585 571.4045207910317 366.44091688263757 581.2696805273545 345.90075346517193 590.4681735970106 317.1620969780502 580.6030138606878 321.6554430358148 555.0243700979973 352.08241108855026 540.3108860716296 368.1292284482513 556.691036764664 2.2639406003710874
378.842712474619 148.14045207910317 396.55619650098674 160.18726943880424 363.1292284482513 175.56742013183862 346.7490777552169 162.18726943880424 362.44091688263757 132.42696805273545 395.867884935373 130.42696805273545 20.797584153363122
379.842712474619 189.28090415820634 398.55619650098674 206.99438818457406 364.795895114918 222.37453887760844 347.08241108855026 205.66105485124072 363.1292284482513 175.56742013183862 396.55619650098674 160.18726943880424 414.26968052735447 174.90075346517196 42.55603681014879
383.842712474619 239.4213562373095 364.795895114918 222.37453887760844 398.55619650098674 206.99438818457406 414.93634719402115 225.7078722109418 399.55619650098674 256.46817359701055 368.795895114918 271.51499095671164 350.4157444218836 256.13484026367723 100
385.842712474619 284.5618083164127 398.88952983432006 316.9887763691481 367.4625617815846 303.2752923427804 368.795895114918 271.51499095671164 399.55619650098674 256.46817359701055 414.26968052735447 272.18165762337827 414.93634719402115 300.9419590094471 52.26706636734703
379.842712474619 334.70226039551585 397.22286316765343 366.4625617815846 366.795895114918 366.4625617815846 351.4157444218836 349.08241108855026 351.08241108855026 319.32210970248144 367.4625617815846 303.2752923427804 398.88952983432006 316.9887763691481 413.26968052735447 348.7490777552169 31.98363748604835
382.842712474619 384.842712474619 412.26968052735447 398.22286316765343 395.22286316765343 416.26968052735447 366.1292284482513 399.55619650098674 366.795895114918 366.4625617815846 397.22286316765343 366.4625617815846 20.41983226380179
377.842712474619 433.9831645537222 366.1292284482513 399.55619650098674 395.22286316765343 416.26968052735447 394.88952983432006 445.3633152467566 365.1292284482513 460.74346593979095 348.4157444218836 446.3633152467566 349.08241108855026 414.26968052735447 14.27449445832447
381.842712474619 472.12361663282536 365.1292284482513 460.74346593979095 394.88952983432006 445.3633152467566 411.26968052735447 460.74346593979095 397.22286316765343 492.8371006591931 366.795895114918 491.50376732585977 10.150118548108903
382.842712474619 526.2640687119285 352.08241108855026 540.3108860716296 351.4157444218836 508.5505846855608 366.795895114918 491.50376732585977 397.22286316765343 492.8371006591931 414.26968052735447 509.5505846855608 399.88952983432006 540.3108860716296 368.1292284482513 556.691036764664 5.608174346345931
383.842712474619 572.4045207910317 416.93634719402115 556.691036764664 417.0530701205582 582.6030138606878 398.31794119524335 590.8015069303439 366.44091688263757 581.2696805273545 368.1292284482513 556.691036764664 399.88952983432006 540.3108860716296 2.1944207663617465
430.9831645537222 143.14045207910317 447.0299819134232 161.18726943880424 414.26968052735447 174.90075346517196 396.55619650098674 160.18726943880424 395.867884935373 130.42696805273545 414.0314252216111 114.3801506930344 447.4800381732936 130.42696805273545 17.38779303374172
431.9831645537222 192.28090415820634 398.55619650098674 206.99438818457406 414.26968052735447 174.90075346517196 447.0299819134232 161.18726943880424 462.0767992731243 176.90075346517196 460.0767992731243 207.3277215179074 444.3633152467566 225.7078722109418 414.93634719402115 225.7078722109418 36.30934627838924
428.9831645537222 245.4213562373095 399.55619650098674 256.46817359701055 414.93634719402115 225.7078722109418 444.3633152467566 225.7078722109418 457.74346593979095 259.13484026367723 443.0299819134232 274.84832429004496 414.26968052735447 272.18165762337827 49.78661701598869
427.9831645537222 286.5618083164127 443.0299819134232 274.84832429004496 443.6966485800899 303.6086256761137 414.93634719402115 300.9419590094471 414.26968052735447 272.18165762337827 40.31379698945381
430.9831645537222 331.70226039551585 414.93634719402115 300.9419590094471 443.6966485800899 303.6086256761137 458.41013260645764 318.32210970248144 444.0299819134232 347.4157444218836 413.26968052735447 348.7490777552169 398.88952983432006 316.9887763691481 30.600527912938126
428.9831645537222 379.842712474619 445.0299819134232 412.26968052735447 412.26968052735447 398.22286316765343 397.22286316765343 366.4625617815846 413.26968052735447 348.7490777552169 444.0299819134232 347.4157444218836 459.74346593979095 363.795895114918 462.74346593979095 395.88952983432006 20.238135325725484
424.9831645537222 429.9831645537222 395.22286316765343 416.26968052735447 412.26968052735447 398.22286316765343 445.0299819134232 412.26968052735447 462.41013260645764 445.6966485800899 444.3633152467566 463.41013260645764 411.26968052735447 460.74346593979095 394.88952983432006 445.3633152467566 13.257930244293586
426.9831645537222 480.12361663282536 397.22286316765343 492.8371006591931 411.26968052735447 460.74346593979095 444.3633152467566 463.41013260645764 460.0767992731243 493.50376732585977 444.0299819134232 507.5505846855608 414.26968052735447 509.5505846855608 8.011195791848245
432.9831645537222 522.2640687119285 444.0299819134232 507.5505846855608 446.3633152467566 539.3108860716296 416.93634719402115 556.691036764664 399.88952983432006 540.3108860716296 414.26968052735447 509.5505846855608 4.706911518952084
433.9831645537222 575.4045207910317 448.81337150662694 582.6030138606878 417.0530701205582 582.6030138606878 416.93634719402115 556.691036764664 446.3633152467566 539.3108860716296 461.74346593979095 556.0243700979973 1.9042619303355743
478.12361663282536 148.14045207910317 491.50376732585977 162.18726943880424 462.0767992731243 176.90075346517196 447.0299819134232 161.18726943880424 447.4800381732936 130.42696805273545 466.78194628501586 116.04681735970105 495.7588580778809 132.0936347194021 12.855963599558436
476.12361663282536 190.28090415820634 491.50376732585977 162.18726943880424 505.2172513522275 178.23408679850527 489.1704339925264 208.66105485124072 460.0767992731243 207.3277215179074 462.0767992731243 176.90075346517196 20.698751000166407
472.12361663282536 239.4213562373095 460.0767992731243 207.3277215179074 489.1704339925264 208.66105485124072 504.2172513522275 225.7078722109418 488.50376732585977 257.8015069303439 457.74346593979095 259.13484026367723 444.3633152467566 225.7078722109418 29.145930200178178
472.12361663282536 292.5618083164127 457.74346593979095 259.13484026367723 488.50376732585977 257.8015069303439 506.2172513522275 274.84832429004496 505.5505846855608 304.6086256761137 487.8371006591931 317.9887763691481 458.41013260645764 318.32210970248144 443.6966485800899 303.6086256761137 443.0299819134232 274.84832429004496 27.00233126255725
472.12361663282536 330.70226039551585 487.8371006591931 317.9887763691481 489.8371006591931 347.4157444218836 459.74346593979095 363.795895114918 444.0299819134232 347.4157444218836 458.41013260645764 318.32210970248144 22.061609023410384
478.12361663282536 380.842712474619 505.8839180188941 366.1292284482513 493.1704339925264 398.22286316765343 462.74346593979095 395.88952983432006 459.74346593979095 363.795895114918 489.8371006591931 347.4157444218836 15.103460961392454
481.12361663282536 426.9831645537222 462.74346593979095 395.88952983432006 493.1704339925264 398.22286316765343 509.2172513522275 414.6030138606878 510.8839180188941 444.3633152467566 495.8371006591931 461.0767992731243 462.41013260645764 445.6966485800899 445.0299819134232 412.26968052735447 10.672323616800297
481.12361663282536 480.12361663282536 510.5505846855608 492.8371006591931 492.8371006591931 507.5505846855608 460.0767992731243 493.50376732585977 444.3633152467566 463.41013260645764 462.41013260645764 445.6966485800899 495.8371006591931 461.0767992731243 7.047401825890762
472.12361663282536 520.2640687119285 446.3633152467566 539.3108860716296 444.0299819134232 507.5505846855608 460.0767992731243 493.50376732585977 492.8371006591931 507.5505846855608 505.5505846855608 537.6442194049629 490.1704339925264 554.3577034313306 461.74346593979095 556.0243700979973 4.369358912344167
479.12361663282536 572.4045207910317 490.1704339925264 554.3577034313306 495.7588580778809 580.9363471940211 467.1152796183492 590.8015069303439 448.81337150662694 582.6030138606878 461.74346593979095 556.0243700979973 1.4018968488326593
520.2640687119285 148.14045207910317 537.9775527382963 177.90075346517196 505.2172513522275 178.23408679850527 491.50376732585977 162.18726943880424 495.7588580778809 132.0936347194021 517.865800681754 116.04681735970105 546.7043446491349 130.0936347194021 556.691036764664 159.8539361054709 7.712886951106229
519.2640687119285 196.28090415820634 504.2172513522275 225.7078722109418 489.1704339925264 208.66105485124072 505.2172513522275 178.23408679850527 537.9775527382963 177.90075346517196 555.691036764664 210.3277215179074 537.9775527382963 227.7078722109418 14.172414656300962
521.2640687119285 241.4213562373095 539.9775527382963 259.13484026367723 506.2172513522275 274.84832429004496 488.50376732585977 257.8015069303439 504.2172513522275 225.7078722109418 537.9775527382963 227.7078722109418 17.723066844510125
525.2640687119285 290.5618083164127 505.5505846855608 304.6086256761137 506.2172513522275 274.84832429004496 539.9775527382963 259.13484026367723 557.691036764664 275.51499095671164 539.6442194049629 303.9419590094471 14.574440687926622
519.2640687119285 330.70226039551585 487.8371006591931 317.9887763691481 505.5505846855608 304.6086256761137 539.6442194049629 303.9419590094471 556.0243700979973 320.32210970248144 537.9775527382963 352.4157444218836 505.8839180188941 366.1292284482513 489.8371006591931 347.4157444218836 13.766289442422666
520.2640687119285 386.842712474619 509.2172513522275 414.6030138606878 493.1704339925264 398.22286316765343 505.8839180188941 366.1292284482513 537.9775527382963 352.4157444218836 554.691036764664 370.795895114918 538.6442194049629 400.88952983432006 9.36493031456741
526.2640687119285 429.9831645537222 557.0243700979973 416.26968052735447 558.691036764664 445.0299819134232 541.9775527382963 459.41013260645764 510.8839180188941 444.3633152467566 509.2172513522275 414.6030138606878 538.6442194049629 400.88952983432006 6.1471138658577456
525.2640687119285 476.12361663282536 556.0243700979973 491.50376732585977 539.6442194049629 508.2172513522275 510.5505846855608 492.8371006591931 495.8371006591931 461.0767992731243 510.8839180188941 444.3633152467566 541.9775527382963 459.41013260645764 5.054847363729395
525.2640687119285 522.2640687119285 539.6442194049629 508.2172513522275 537.6442194049629 539.6442194049629 505.5505846855608 537.6442194049629 492.8371006591931 507.5505846855608 510.5505846855608 492.8371006591931 3.5888309699513923
519.2640687119285 570.4045207910317 505.5505846855608 537.6442194049629 537.6442194049629 539.6442194049629 553.691036764664 555.691036764664 545.7043446491349 580.2696805273545 517.5324673484207 590.1348402636772 495.7588580778809 580.9363471940211 490.1704339925264 554.3577034313306 1.465108464710587
575.4045207910317 142.14045207910317 591.8015069303439 132.56533587821957 583.2696805273545 162.32563726428836 556.691036764664 159.8539361054709 546.7043446491349 130.0936347194021 573.2829884118254 114.04681735970105 2.0861936547075506
574.4045207910317 189.28090415820634 556.691036764664 159.8539361054709 583.2696805273545 162.32563726428836 591.4681735970106 185.31585694162433 582.6030138606878 215.2711238355423 555.691036764664 210.3277215179074 537.9775527382963 177.90075346517196 4.699347230462634
573.4045207910317 245.4213562373095 582.6030138606878 267.54994374012966 557.691036764664 275.51499095671164 539.9775527382963 259.13484026367723 537.9775527382963 227.7078722109418 555.691036764664 210.3277215179074 582.6030138606878 215.2711238355423 591.1348402636772 241.06637800502912 6.963194543562649
574.4045207910317 290.5618083164127 582.6030138606878 267.54994374012966 591.4681735970106 293.1502324017672 582.9363471940211 317.4954303113836 556.0243700979973 320.32210970248144 539.6442194049629 303.9419590094471 557.691036764664 275.51499095671164 6.0042760215807895
574.4045207910317 339.70226039551585 537.9775527382963 352.4157444218836 556.0243700979973 320.32210970248144 582.9363471940211 317.4954303113836 591.4681735970106 346.5674201318386 581.2696805273545 367.7742502159709 554.691036764664 370.795895114918 4.889930167469843
569.4045207910317 385.842712474619 581.6030138606878 417.3864034538915 557.0243700979973 416.26968052735447 538.6442194049629 400.88952983432006 554.691036764664 370.795895114918 581.2696805273545 367.7742502159709 589.8015069303439 398.98460786191004 3.6349302503795036
575.4045207910317 432.9831645537222 557.0243700979973 416.26968052735447 581.6030138606878 417.3864034538915 583.2696805273545 446.14670483996025 558.691036764664 445.0299819134232 2.358436510643538
574.4045207910317 472.12361663282536 591.4681735970106 464.78194628501586 580.9363471940211 495.7588580778809 556.0243700979973 491.50376732585977 541.9775527382963 459.41013260645764 558.691036764664 445.0299819134232 583.2696805273545 446.14670483996025 2.1749880739677256
568.4045207910317 526.2640687119285 539.6442194049629 508.2172513522275 556.0243700979973 491.50376732585977 580.9363471940211 495.7588580778809 589.4681735970106 519.865800681754 580.6030138606878 547.0376779824682 553.691036764664 555.691036764664 537.6442194049629 539.6442194049629 1.6330546354741948
573.4045207910317 570.4045207910317 545.7043446491349 580.2696805273545 553.691036764664 555.691036764664 580.6030138606878 547.0376779824683 591.1348402636772 571.6163217451586 572.6163217451586 590.1348402636772 0.5460516542575631
