25 24
25 26
24 26
25 199
24 199
26 25
26 24
25 24
26 185
25 185
26 24
26 25
24 25
185 26
185 184
26 184
185 25
26 25
185 25
185 184
25 184
185 26
25 26
24 23
24 199
23 199
27 26
27 184
26 184
23 22
23 213
22 213
28 27
28 170
27 170
22 21
22 213
21 213
29 28
29 170
28 170
21 20
21 213
20 213
30 29
30 156
29 156
20 19
20 227
19 227
31 30
31 156
30 156
19 18
19 227
18 227
32 31
32 156
31 156
227 20
227 19
20 19
227 213
20 213
227 19
227 18
19 18
227 20
19 20
227 18
227 17
18 17
227 19
18 19
227 17
227 240
17 240
227 18
17 18
18 17
18 227
17 227
170 29
170 156
29 156
170 28
29 28
170 28
170 27
28 27
170 29
28 29
170 27
170 184
27 184
170 28
27 28
184 170
184 169
170 169
184 27
170 27
184 27
184 170
27 170
184 26
27 26
184 26
184 185
26 185
184 27
26 27
185 184
185 25
184 25
185 26
184 26
184 25
184 185
25 185
184 199
25 199
213 23
213 22
23 22
213 199
23 199
213 22
213 21
22 21
213 23
22 23
213 21
213 20
21 20
213 22
21 22
213 20
213 227
20 227
213 21
20 21
227 213
227 226
213 226
227 20
213 20
33 32
33 142
32 142
156 32
156 142
32 142
156 31
32 31
156 31
156 32
31 32
156 30
31 30
156 30
156 29
30 29
156 31
30 31
156 29
156 170
29 170
156 30
29 30
170 156
170 155
156 155
170 29
156 29
199 184
199 25
184 25
199 183
184 183
199 25
199 184
25 184
199 24
25 24
199 24
199 25
24 25
199 23
24 23
199 23
199 24
23 24
199 213
23 213
213 199
213 212
199 212
213 23
199 23
17 16
17 240
16 240
142 33
142 32
33 32
142 34
33 34
142 32
142 33
32 33
142 156
32 156
156 142
156 32
142 32
156 155
142 155
34 33
34 142
33 142
142 34
142 33
34 33
142 141
34 141
16 15
16 240
15 240
35 34
35 129
34 129
15 14
15 252
14 252
36 35
36 129
35 129
155 142
155 156
142 156
155 141
142 141
156 155
156 170
155 170
156 142
155 142
170 155
170 169
155 169
170 156
155 156
169 155
169 168
155 168
169 170
155 170
170 169
170 184
169 184
170 155
169 155
184 169
184 170
169 170
184 183
169 183
183 169
183 184
169 184
183 182
169 182
184 183
184 169
183 169
184 199
183 199
199 183
199 184
183 184
199 198
183 198
252 15
252 240
15 240
252 14
15 14
252 14
252 13
14 13
252 15
14 15
252 13
252 251
13 251
252 14
13 14
14 13
14 252
13 252
141 34
141 129
34 129
141 142
34 142
142 141
142 34
141 34
142 155
141 155
155 141
155 154
141 154
155 142
141 142
212 199
212 213
199 213
212 198
199 198
213 212
213 226
212 226
213 199
212 199
226 212
226 211
212 211
226 213
212 213
226 213
226 227
213 227
226 212
213 212
227 226
227 240
226 240
227 213
226 213
240 226
240 225
226 225
240 227
226 227
240 227
240 17
227 17
240 226
227 226
240 17
240 16
17 16
240 227
17 227
240 16
240 17
16 17
240 15
16 15
240 15
240 16
15 16
240 252
15 252
252 240
252 251
240 251
252 15
240 15
198 183
198 197
183 197
198 199
183 199
199 198
199 212
198 212
199 183
198 183
212 198
212 211
198 211
212 199
198 199
37 36
37 129
36 129
129 37
129 128
37 128
129 36
37 36
129 36
129 35
36 35
129 37
36 37
129 35
129 34
35 34
129 36
35 36
129 34
129 35
34 35
129 141
34 141
141 129
141 128
129 128
141 34
129 34
13 12
13 251
12 251
38 37
38 117
37 117
12 11
12 262
11 262
154 141
154 155
141 155
154 140
141 140
155 154
155 168
154 168
155 141
154 141
197 183
197 182
183 182
197 198
183 198
198 197
198 211
197 211
198 183
197 183
262 12
262 11
12 11
262 251
12 251
262 11
262 10
11 10
262 12
11 12
39 38
39 117
38 117
182 169
182 168
169 168
182 183
169 183
183 182
183 169
182 169
183 197
182 197
197 182
197 181
182 181
197 183
182 183
226 225
226 240
225 240
226 211
225 211
240 225
240 226
225 226
240 239
225 239
128 37
128 129
37 129
128 117
37 117
129 128
129 37
128 37
129 141
128 141
141 128
141 129
128 129
141 140
128 140
251 240
251 252
240 252
251 239
240 239
252 251
252 240
251 240
252 13
251 13
251 13
251 252
13 252
251 12
13 12
251 12
251 13
12 13
251 262
12 262
262 251
262 250
251 250
262 12
251 12
117 39
117 40
39 40
117 38
39 38
117 38
117 37
38 37
117 39
38 39
117 37
117 128
37 128
117 38
37 38
128 117
128 37
117 37
128 127
117 127
262 10
262 11
10 11
262 261
10 261
11 10
11 262
10 262
168 154
168 155
154 155
168 167
154 167
168 155
168 169
155 169
168 154
155 154
169 168
169 155
168 155
169 182
168 182
182 168
182 169
168 169
182 181
168 181
211 197
211 196
197 196
211 198
197 198
211 198
211 212
198 212
211 197
198 197
212 211
212 226
211 226
212 198
211 198
226 211
226 225
211 225
226 212
211 212
225 211
225 210
211 210
225 226
211 226
140 128
140 139
128 139
140 141
128 141
141 140
141 128
140 128
141 154
140 154
154 140
154 153
140 153
154 141
140 141
239 225
239 240
225 240
239 238
225 238
240 239
240 225
239 225
240 251
239 251
251 239
251 240
239 240
251 250
239 250
40 39
40 117
39 117
117 40
117 116
40 116
117 39
40 39
10 9
10 261
9 261
41 40
41 116
40 116
167 154
167 168
154 168
167 153
154 153
168 167
168 154
167 154
168 181
167 181
250 239
250 251
239 251
250 238
239 238
251 250
251 262
250 262
251 239
250 239
262 250
262 251
250 251
262 261
250 261
9 8
9 270
8 270
211 210
211 225
210 225
211 196
210 196
225 210
225 224
210 224
225 211
210 211
238 225
238 224
225 224
238 239
225 239
239 238
239 225
238 225
239 250
238 250
250 238
250 249
238 249
250 239
238 239
153 140
153 154
140 154
153 139
140 139
154 153
154 140
153 140
154 167
153 167
167 153
167 152
153 152
167 154
153 154
270 9
270 8
9 8
270 261
9 261
270 8
270 9
8 9
270 7
8 7
181 167
181 168
167 168
181 166
167 166
181 168
181 182
168 182
181 167
168 167
182 181
182 168
181 168
182 197
181 197
197 181
197 196
181 196
197 182
181 182
196 181
196 195
181 195
196 197
181 197
197 196
197 211
196 211
197 181
196 181
211 196
211 210
196 210
211 197
196 197
210 196
210 209
196 209
210 211
196 211
127 117
127 128
117 128
127 116
117 116
128 127
128 139
127 139
128 117
127 117
42 41
42 107
41 107
107 42
107 41
42 41
107 43
42 43
107 41
107 42
41 42
107 116
41 116
139 127
139 128
127 128
139 126
127 126
139 128
139 140
128 140
139 127
128 127
140 139
140 128
139 128
140 153
139 153
153 139
153 152
139 152
153 140
139 140
224 210
224 225
210 225
224 209
210 209
225 224
225 210
224 210
225 238
224 238
238 224
238 225
224 225
238 237
224 237
261 250
261 249
250 249
261 262
250 262
262 261
262 250
261 250
262 10
261 10
261 10
261 9
10 9
261 262
10 262
261 9
261 10
9 10
261 270
9 270
270 261
270 9
261 9
270 269
261 269
116 107
116 41
107 41
116 106
107 106
116 41
116 40
41 40
116 107
41 107
116 40
116 41
40 41
116 117
40 117
117 116
117 40
116 40
117 127
116 127
127 116
127 117
116 117
127 126
116 126
270 7
270 8
7 8
270 269
7 269
8 7
8 270
7 270
43 42
43 107
42 107
107 43
107 42
43 42
107 106
43 106
7 6
7 269
6 269
152 139
152 153
139 153
152 138
139 138
153 152
153 139
152 139
153 167
152 167
167 152
167 153
152 153
167 166
152 166
249 238
249 250
238 250
249 237
238 237
250 249
250 261
249 261
250 238
249 238
261 249
261 250
249 250
261 260
249 260
106 43
106 107
43 107
106 44
43 44
107 106
107 43
106 43
107 116
106 116
116 106
116 115
106 115
116 107
106 107
126 116
126 115
116 115
126 127
116 127
127 126
127 139
126 139
127 116
126 116
139 126
139 138
126 138
139 127
126 127
195 181
195 180
181 180
195 196
181 196
196 195
196 209
195 209
196 181
195 181
237 224
237 238
224 238
237 223
224 223
238 237
238 224
237 224
238 249
237 249
249 237
249 248
237 248
249 238
237 238
44 43
44 106
43 106
106 44
106 43
44 43
106 45
44 45
209 195
209 194
195 194
209 196
195 196
209 196
209 210
196 210
209 195
196 195
210 209
210 224
209 224
210 196
209 196
224 209
224 210
209 210
224 223
209 223
115 106
115 105
106 105
115 116
106 116
116 115
116 106
115 106
116 126
115 126
126 115
126 116
115 116
126 125
115 125
166 152
166 151
152 151
166 167
152 167
167 166
167 152
166 152
167 181
166 181
181 166
181 180
166 180
181 167
166 167
138 126
138 139
126 139
138 125
126 125
139 138
139 152
138 152
139 126
138 126
152 138
152 139
138 139
152 151
138 151
260 249
260 248
249 248
260 261
249 261
261 260
261 249
260 249
261 269
260 269
269 260
269 259
260 259
269 261
260 261
269 261
269 260
261 260
269 270
261 270
270 269
270 261
269 261
270 7
269 7
269 7
269 270
7 270
269 6
7 6
269 6
269 5
6 5
269 7
6 7
180 166
180 179
166 179
180 181
166 181
181 180
181 195
180 195
181 166
180 166
195 180
195 194
180 194
195 181
180 181
223 209
223 224
209 224
223 208
209 208
224 223
224 209
223 209
224 237
223 237
237 223
237 224
223 224
237 222
223 222
269 5
269 4
5 4
269 6
5 6
6 5
6 269
5 269
45 44
45 106
44 106
106 45
106 105
45 105
106 44
45 44
269 4
269 268
4 268
269 5
4 5
5 4
5 269
4 269
46 45
46 105
45 105
125 115
125 126
115 126
125 114
115 114
126 125
126 138
125 138
126 115
125 115
138 125
138 137
125 137
138 126
125 126
179 166
179 180
166 180
179 165
166 165
180 179
180 194
179 194
180 166
179 166
248 237
248 249
237 249
248 236
237 236
249 248
249 260
248 260
249 237
248 237
260 248
260 249
248 249
260 259
248 259
105 46
105 45
46 45
105 47
46 47
105 45
105 106
45 106
105 46
45 46
106 105
106 115
105 115
106 45
105 45
115 105
115 106
105 106
115 114
105 114
194 179
194 178
179 178
194 180
179 180
194 180
194 179
180 179
194 195
180 195
195 194
195 209
194 209
195 180
194 180
209 194
209 208
194 208
209 195
194 195
259 248
259 258
248 258
259 260
248 260
260 259
260 248
259 248
260 269
259 269
269 259
269 260
259 260
269 268
259 268
151 138
151 152
138 152
151 137
138 137
152 151
152 138
151 138
152 166
151 166
166 151
166 152
151 152
166 165
151 165
208 194
208 209
194 209
208 193
194 193
209 208
209 194
208 194
209 223
208 223
223 208
223 209
208 209
223 222
208 222
222 208
222 207
208 207
222 223
208 223
223 222
223 208
222 208
223 237
222 237
237 222
237 236
222 236
237 223
222 223
4 3
4 268
3 268
137 125
137 138
125 138
137 124
125 124
138 137
138 125
137 125
138 151
137 151
151 137
151 136
137 136
151 138
137 138
165 151
165 150
151 150
165 166
151 166
166 165
166 179
165 179
166 151
165 151
179 165
179 164
165 164
179 166
165 166
114 105
114 104
105 104
114 115
105 115
115 114
115 105
114 105
115 125
114 125
125 114
125 115
114 115
125 124
114 124
268 259
268 267
259 267
268 269
259 269
269 268
269 259
268 259
269 4
268 4
268 4
268 3
4 3
268 269
4 269
268 3
268 2
3 2
268 4
3 4
236 222
236 235
222 235
236 237
222 237
237 236
237 248
236 248
237 222
236 222
248 236
248 237
236 237
248 247
236 247
47 46
47 105
46 105
105 47
105 104
47 104
105 46
47 46
268 2
268 3
2 3
268 267
2 267
3 2
3 268
2 268
48 47
48 104
47 104
267 259
267 258
259 258
267 268
259 268
268 267
268 2
267 2
268 259
267 259
267 2
267 1
2 1
267 268
2 268
208 207
208 193
207 193
208 222
207 222
222 207
222 208
207 208
222 221
207 221
235 222
235 236
222 236
235 221
222 221
236 235
236 222
235 222
236 247
235 247
124 114
124 113
114 113
124 125
114 125
125 124
125 137
124 137
125 114
124 114
137 124
137 136
124 136
137 125
124 125
104 48
104 49
48 49
104 47
48 47
104 47
104 48
47 48
104 105
47 105
105 104
105 114
104 114
105 47
104 47
114 104
114 105
104 105
114 113
104 113
113 104
113 112
104 112
113 114
104 114
114 113
114 104
113 104
114 124
113 124
124 113
124 112
113 112
124 114
113 114
136 124
136 137
124 137
136 123
124 123
137 136
137 124
136 124
137 151
136 151
151 136
151 137
136 137
151 150
136 150
165 164
165 179
164 179
165 150
164 150
179 164
179 178
164 178
179 165
164 165
267 1
267 0
1 0
267 2
1 2
2 1
2 267
1 267
150 136
150 135
136 135
150 151
136 151
151 150
151 136
150 136
151 165
150 165
165 150
165 164
150 164
165 151
150 151
164 150
164 163
150 163
164 165
150 165
178 164
178 177
164 177
178 179
164 179
179 178
179 194
178 194
179 164
178 164
194 178
194 193
178 193
194 179
178 179
247 235
247 234
235 234
247 236
235 236
247 236
247 248
236 248
247 235
236 235
248 247
248 258
247 258
248 236
247 236
193 178
193 177
178 177
193 194
178 194
194 193
194 208
193 208
194 178
193 178
208 193
208 194
193 194
208 207
193 207
207 193
207 208
193 208
207 206
193 206
221 207
221 206
207 206
221 222
207 222
222 221
222 235
221 235
222 207
221 207
235 221
235 234
221 234
235 222
221 222
258 247
258 248
247 248
258 246
247 246
258 248
258 259
248 259
258 247
248 247
259 258
259 248
258 248
259 267
258 267
267 258
267 266
258 266
267 259
258 259
49 48
49 104
48 104
104 49
104 48
49 48
104 103
49 103
267 0
267 1
0 1
267 266
0 266
1 0
1 267
0 267
99 0
99 98
0 98
50 49
50 103
49 103
112 104
112 113
104 113
112 103
104 103
113 112
113 104
112 104
113 124
112 124
124 112
124 113
112 113
124 123
112 123
163 150
163 164
150 164
163 149
150 149
164 163
164 177
163 177
164 150
163 150
103 50
103 49
50 49
103 51
50 51
103 49
103 104
49 104
103 50
49 50
104 103
104 112
103 112
104 49
103 49
112 103
112 104
103 104
112 111
103 111
177 163
177 176
163 176
177 164
163 164
177 164
177 178
164 178
177 163
164 163
178 177
178 193
177 193
178 164
177 164
193 177
193 192
177 192
193 178
177 178
266 258
266 257
258 257
266 267
258 267
267 266
267 0
266 0
267 258
266 258
266 0
266 98
0 98
266 267
0 267
266 98
266 0
98 0
266 97
98 97
98 0
98 266
0 266
98 99
0 99
99 98
99 0
98 0
234 221
234 235
221 235
234 220
221 220
235 234
235 221
234 221
235 247
234 247
247 234
247 235
234 235
247 246
234 246
258 257
258 266
257 266
258 246
257 246
266 257
266 256
257 256
266 258
257 258
192 177
192 176
177 176
192 193
177 193
193 192
193 177
192 177
193 206
192 206
123 112
123 122
112 122
123 124
112 124
124 123
124 112
123 112
124 136
123 136
136 123
136 124
123 124
136 135
123 135
150 149
150 163
149 163
150 135
149 135
163 149
163 148
149 148
163 150
149 150
206 192
206 193
192 193
206 191
192 191
206 193
206 192
193 192
206 207
193 207
207 206
207 193
206 193
207 221
206 221
221 206
221 220
206 220
221 207
206 207
220 206
220 219
206 219
220 221
206 221
221 220
221 234
220 234
221 206
220 206
234 220
234 233
220 233
234 221
220 221
246 234
246 233
234 233
246 247
234 247
247 246
247 234
246 234
247 258
246 258
258 246
258 257
246 257
258 247
246 247
257 246
257 256
246 256
257 258
246 258
135 123
135 136
123 136
135 134
123 134
136 135
136 123
135 123
136 150
135 150
150 135
150 136
135 136
150 149
135 149
149 135
149 148
135 148
149 150
135 150
51 50
51 103
50 103
103 51
103 50
51 50
103 102
51 102
266 97
266 96
97 96
266 98
97 98
98 97
98 266
97 266
52 51
52 102
51 102
102 52
102 51
52 51
102 53
52 53
102 51
102 52
51 52
102 103
51 103
103 102
103 51
102 51
103 111
102 111
256 246
256 257
246 257
256 245
246 245
257 256
257 266
256 266
257 246
256 246
266 256
266 257
256 257
266 265
256 265
266 96
266 97
96 97
266 265
96 265
97 96
97 266
96 266
192 191
192 176
191 176
192 206
191 206
206 191
206 192
191 192
206 205
191 205
122 112
122 123
112 123
122 111
112 111
123 122
123 112
122 112
123 134
122 134
176 163
176 177
163 177
176 162
163 162
177 176
177 192
176 192
177 163
176 163
192 176
192 177
176 177
192 191
176 191
191 176
191 192
176 192
191 190
176 190
148 135
148 149
135 149
148 134
135 134
149 148
149 163
148 163
149 135
148 135
163 148
163 162
148 162
163 149
148 149
233 220
233 234
220 234
233 219
220 219
234 233
234 220
233 220
234 246
233 246
246 233
246 234
233 234
246 245
233 245
245 233
245 244
233 244
245 246
233 246
246 245
246 256
245 256
246 233
245 233
256 245
256 246
245 246
256 255
245 255
219 206
219 220
206 220
219 205
206 205
220 219
220 233
219 233
220 206
219 206
233 219
233 218
219 218
233 220
219 220
111 102
111 101
102 101
111 103
102 103
111 103
111 112
103 112
111 102
103 102
112 111
112 122
111 122
112 103
111 103
122 111
122 112
111 112
122 110
111 110
162 148
162 163
148 163
162 147
148 147
163 162
163 176
162 176
163 148
162 148
176 162
176 163
162 163
176 175
162 175
205 191
205 190
191 190
205 206
191 206
206 205
206 219
205 219
206 191
205 191
219 205
219 204
205 204
219 206
205 206
53 52
53 102
52 102
102 53
102 52
53 52
102 54
53 54
134 122
134 121
122 121
134 123
122 123
134 123
134 122
123 122
134 135
123 135
135 134
135 123
134 123
135 148
134 148
148 134
148 147
134 147
148 135
134 135
265 256
265 266
256 266
265 255
256 255
266 265
266 256
265 256
266 96
265 96
265 96
265 266
96 266
265 95
96 95
265 95
265 96
95 96
265 264
95 264
96 95
96 265
95 265
54 53
54 102
53 102
102 54
102 101
54 101
102 53
54 53
95 94
95 264
94 264
147 134
147 148
134 148
147 133
134 133
148 147
148 162
147 162
148 134
147 134
162 147
162 161
147 161
162 148
147 148
134 133
134 121
133 121
134 147
133 147
147 133
147 146
133 146
147 134
133 134
265 264
265 255
264 255
265 95
264 95
264 95
264 265
95 265
264 94
95 94
264 94
264 93
94 93
264 95
94 95
175 162
175 176
162 176
175 161
162 161
176 175
176 162
175 162
176 190
175 190
219 218
219 233
218 233
219 204
218 204
233 218
233 232
218 232
233 219
218 219
232 218
232 233
218 233
232 217
218 217
233 232
233 218
232 218
233 244
232 244
122 121
122 110
121 110
122 134
121 134
134 121
134 122
121 122
134 133
121 133
133 121
133 132
121 132
133 134
121 134
255 245
255 256
245 256
255 244
245 244
256 255
256 265
255 265
256 245
255 245
265 255
265 256
255 256
265 264
255 264
264 255
264 265
255 265
264 263
255 263
55 54
55 101
54 101
190 175
190 176
175 176
190 174
175 174
190 176
190 191
176 191
190 175
176 175
191 190
191 176
190 176
191 205
190 205
205 190
205 204
190 204
205 191
190 191
244 232
244 233
232 233
244 231
232 231
244 233
244 232
233 232
244 245
233 245
245 244
245 233
244 233
245 255
244 255
255 244
255 245
244 245
255 254
244 254
101 55
101 56
55 56
101 54
55 54
101 54
101 102
54 102
101 55
54 55
102 101
102 54
101 54
102 111
101 111
111 101
111 110
101 110
111 102
101 102
110 101
110 100
101 100
110 111
101 111
111 110
111 122
110 122
111 101
110 101
122 110
122 121
110 121
122 111
110 111
121 110
121 122
110 122
121 109
110 109
161 147
161 162
147 162
161 146
147 146
162 161
162 147
161 147
162 175
161 175
175 161
175 162
161 162
175 174
161 174
204 190
204 203
190 203
204 205
190 205
205 204
205 219
204 219
205 190
204 190
219 204
219 218
204 218
219 205
204 205
218 204
218 217
204 217
218 219
204 219
264 93
264 92
93 92
264 94
93 94
94 93
94 264
93 264
56 55
56 101
55 101
101 56
101 57
56 57
101 55
56 55
264 92
264 93
92 93
264 263
92 263
93 92
93 264
92 264
146 133
146 147
133 147
146 132
133 132
147 146
147 161
146 161
147 133
146 133
161 146
161 160
146 160
161 147
146 147
217 204
217 218
204 218
217 203
204 203
218 217
218 232
217 232
218 204
217 204
232 217
232 218
217 218
232 231
217 231
57 56
57 101
56 101
101 57
101 56
57 56
101 100
57 100
132 121
132 120
121 120
132 133
121 133
133 132
133 121
132 121
133 146
132 146
146 132
146 131
132 131
146 133
132 133
160 146
160 161
146 161
160 159
146 159
161 160
161 146
160 146
161 174
160 174
263 255
263 264
255 264
263 254
255 254
264 263
264 92
263 92
264 255
263 255
263 92
263 264
92 264
263 91
92 91
174 160
174 161
160 161
174 173
160 173
174 161
174 160
161 160
174 175
161 175
175 174
175 161
174 161
175 190
174 190
190 174
190 189
174 189
190 175
174 175
100 57
100 58
57 58
100 101
57 101
101 100
101 57
100 57
101 110
100 110
110 100
110 109
100 109
110 101
100 101
109 100
109 58
100 58
109 110
100 110
110 109
110 121
109 121
110 100
109 100
121 109
121 120
109 120
121 110
109 110
120 109
120 121
109 121
120 108
109 108
121 120
121 132
120 132
121 109
120 109
132 120
132 121
120 121
132 131
120 131
189 174
189 188
174 188
189 190
174 190
190 189
190 203
189 203
190 174
189 174
231 217
231 232
217 232
231 216
217 216
232 231
232 217
231 217
232 244
231 244
244 231
244 232
231 232
244 243
231 243
254 244
254 255
244 255
254 243
244 243
255 254
255 244
254 244
255 263
254 263
263 254
263 90
254 90
263 255
254 255
263 91
263 90
91 90
263 92
91 92
92 91
92 263
91 263
243 231
243 244
231 244
243 230
231 230
244 243
244 254
243 254
244 231
243 231
254 243
254 244
243 244
254 253
243 253
203 189
203 188
189 188
203 190
189 190
203 190
203 204
190 204
203 189
190 189
204 203
204 217
203 217
204 190
203 190
217 203
217 202
203 202
217 204
203 204
58 57
58 100
57 100
100 58
100 57
58 57
100 109
58 109
109 58
109 59
58 59
109 100
58 100
254 90
254 89
90 89
254 263
90 263
263 90
263 91
90 91
263 254
90 254
91 90
91 263
90 263
59 58
59 109
58 109
109 59
109 58
59 58
109 108
59 108
131 120
131 132
120 132
131 119
120 119
132 131
132 120
131 120
132 146
131 146
146 131
146 145
131 145
146 132
131 132
159 146
159 160
146 160
159 145
146 145
160 159
160 146
159 146
160 173
159 173
203 202
203 217
202 217
203 188
202 188
217 202
217 216
202 216
217 203
202 203
254 89
254 90
89 90
254 253
89 253
90 89
90 254
89 254
108 59
108 60
59 60
108 109
59 109
109 108
109 120
108 120
109 59
108 59
120 108
120 109
108 109
120 119
108 119
253 243
253 242
243 242
253 254
243 254
254 253
254 89
253 89
254 243
253 243
253 89
253 88
89 88
253 254
89 254
188 174
188 189
174 189
188 173
174 173
189 188
189 203
188 203
189 174
188 174
203 188
203 202
188 202
203 189
188 189
202 188
202 203
188 203
202 187
188 187
231 230
231 216
230 216
231 243
230 243
243 230
243 242
230 242
243 231
230 231
173 159
173 160
159 160
173 158
159 158
173 160
173 174
160 174
173 159
160 159
174 173
174 160
173 160
174 188
173 188
188 173
188 172
173 172
188 174
173 174
60 59
60 108
59 108
108 60
108 59
60 59
108 61
60 61
119 108
119 120
108 120
119 62
108 62
120 119
120 131
119 131
120 108
119 108
131 119
131 120
119 120
131 130
119 130
145 131
145 146
131 146
145 130
131 130
146 145
146 131
145 131
146 159
145 159
159 145
159 146
145 146
159 158
145 158
242 230
242 243
230 243
242 229
230 229
243 242
243 253
242 253
243 230
242 230
253 242
253 243
242 243
253 87
242 87
216 202
216 217
202 217
216 201
202 201
217 216
217 202
216 202
217 231
216 231
231 216
231 217
216 217
231 230
216 230
230 216
230 229
216 229
230 231
216 231
253 88
253 89
88 89
253 87
88 87
89 88
89 253
88 253
61 60
61 108
60 108
108 61
108 60
61 60
108 62
61 62
242 87
242 253
87 253
242 86
87 86
253 87
253 88
87 88
253 242
87 242
88 87
88 253
87 253
62 61
62 108
61 108
108 62
108 61
62 61
108 119
62 119
119 62
119 108
62 108
119 118
62 118
130 119
130 131
119 131
130 118
119 118
131 130
131 145
130 145
131 119
130 119
145 130
145 144
130 144
145 131
130 131
229 216
229 230
216 230
229 215
216 215
230 229
230 216
229 216
230 242
229 242
242 229
242 241
229 241
242 230
229 230
173 172
173 188
172 188
173 158
172 158
188 172
188 187
172 187
188 173
172 173
118 62
118 63
62 63
118 119
62 119
119 118
119 130
118 130
119 62
118 62
130 118
130 64
118 64
130 119
118 119
241 229
241 242
229 242
241 84
229 84
242 241
242 229
241 229
242 86
241 86
144 130
144 145
130 145
144 67
130 67
145 144
145 130
144 130
145 158
144 158
158 144
158 143
144 143
158 145
144 145
158 145
158 144
145 144
158 159
145 159
159 158
159 145
158 145
159 173
158 173
173 158
173 172
158 172
173 159
158 159
172 158
172 173
158 173
172 157
158 157
241 86
241 242
86 242
241 85
86 85
242 86
242 241
86 241
242 87
86 87
87 86
87 242
86 242
187 172
187 171
172 171
187 188
172 188
188 187
188 202
187 202
188 172
187 172
202 187
202 201
187 201
202 188
187 188
201 187
201 200
187 200
201 202
187 202
202 201
202 216
201 216
202 187
201 187
216 201
216 202
201 202
216 215
201 215
215 201
215 216
201 216
215 214
201 214
216 215
216 201
215 201
216 229
215 229
229 215
229 216
215 216
229 228
215 228
63 62
63 118
62 118
118 63
118 64
63 64
118 62
63 62
241 85
241 84
85 84
241 86
85 86
86 85
86 241
85 241
64 63
64 118
63 118
118 64
118 130
64 130
118 63
64 63
130 64
130 65
64 65
130 118
64 118
229 84
229 241
84 241
229 83
84 83
241 84
241 85
84 85
241 229
84 229
85 84
85 241
84 241
65 64
65 130
64 130
130 65
130 64
65 64
130 66
65 66
144 143
144 67
143 67
144 158
143 158
158 143
158 144
143 144
158 157
143 157
229 83
229 82
83 82
229 84
83 84
84 83
84 229
83 229
214 201
214 200
201 200
214 215
201 215
215 214
215 201
214 201
215 228
214 228
172 171
172 187
171 187
172 157
171 157
187 171
187 186
171 186
187 172
171 172
66 65
66 130
65 130
130 66
130 65
66 65
130 67
66 67
157 143
157 70
143 70
157 158
143 158
158 157
158 172
157 172
158 143
157 143
172 157
172 171
157 171
172 158
157 158
171 157
171 72
157 72
171 172
157 172
200 187
200 201
187 201
200 186
187 186
201 200
201 187
200 187
201 214
200 214
214 200
214 201
200 201
214 79
200 79
186 171
186 74
171 74
186 187
171 187
187 186
187 200
186 200
187 171
186 171
200 186
200 187
186 187
200 76
186 76
229 82
229 83
82 83
229 228
82 228
83 82
83 229
82 229
228 214
228 81
214 81
228 215
214 215
228 215
228 229
215 229
228 214
215 214
229 228
229 82
228 82
229 215
228 215
228 82
228 81
82 81
228 229
82 229
67 66
67 130
66 130
130 67
130 144
67 144
130 66
67 66
144 67
144 130
67 130
144 143
67 143
143 67
143 144
67 144
143 68
67 68
214 81
214 80
81 80
214 228
81 228
228 81
228 82
81 82
228 214
81 214
82 81
82 228
81 228
68 67
68 143
67 143
143 68
143 67
68 67
143 69
68 69
214 80
214 81
80 81
214 79
80 79
81 80
81 214
80 214
69 68
69 143
68 143
143 69
143 68
69 68
143 70
69 70
200 79
200 78
79 78
200 214
79 214
214 79
214 200
79 200
214 80
79 80
80 79
80 214
79 214
70 69
70 143
69 143
143 70
143 69
70 69
143 157
70 157
157 70
157 71
70 71
157 143
70 143
200 78
200 77
78 77
200 79
78 79
79 78
79 200
78 200
71 70
71 157
70 157
157 71
157 72
71 72
157 70
71 70
200 77
200 76
77 76
200 78
77 78
78 77
78 200
77 200
72 71
72 157
71 157
157 72
157 171
72 171
157 71
72 71
171 72
171 73
72 73
171 157
72 157
186 76
186 200
76 200
186 75
76 75
200 76
200 186
76 186
200 77
76 77
77 76
77 200
76 200
73 72
73 171
72 171
171 73
171 72
73 72
171 74
73 74
186 75
186 74
75 74
186 76
75 76
76 75
76 186
75 186
74 73
74 171
73 171
171 74
171 73
74 73
171 186
74 186
186 74
186 75
74 75
186 171
74 171
75 74
75 186
74 186
