0 500.0 300.0
1 499.5973352943769 312.6847839313129
2 498.39096256615903 325.3184907147498
3 496.3857394525413 337.85024887208203
4 493.58974027927127 350.22959743621584
5 490.0142235481891 362.40668913969745
6 485.6735866032145 374.3324911320655
7 480.5853076573242 385.95898241783436
8 474.769875413957 397.23934722009375
9 468.2507065662362 408.1281634911195
10 461.05405150621175 418.58158581092806
11 453.2088886237956 428.55752193730785
12 444.746807621014 438.0158022964224
13 435.7018823114264 446.91834173150664
14 426.1105334169045 455.22929285835136
15 416.0113819142396 462.9151904100671
16 405.4450935221005 469.94508598990285
17 394.45421495453655 476.29067268951644
18 383.0830026003773 481.9263990709037
19 371.3772443183744 486.82957205302137
20 359.384075065655 490.9804482888148
21 347.1517871018855 494.3623136647083
22 334.7296355333861 496.9615506024416
23 322.16763998020224 498.7676928922508
24 309.51638316474845 499.7734678366016
25 296.8268072330384 499.97482553477505
26 284.1500086286423 499.3709551903885
27 271.53703234534294 497.9642883761866
28 259.03866638696184 495.7604892429557
29 246.70523726199298 492.7684317119884
30 234.58640733651566 489.0001637429337
31 222.73097486137425 484.4708588209163
32 211.18667747884518 479.1987548582672
33 199.99999999999994 473.2050807568877
34 189.21598722677794 466.51397092695424
35 178.87806257246663 459.15236810616636
36 169.027853210943 451.14991487085166
37 159.70502245873573 442.5388342757725
38 150.94711006484906 433.3538001032583
39 142.7893810514425 423.631797244121
40 135.26468371403345 413.4119727725542
41 128.40331735300458 402.73547831468125
42 122.23291026901532 391.6453043454821
43 116.77830851358607 380.1861070813227
44 112.06147584281834 368.40402866513375
45 108.10140527710053 356.3465113682859
46 104.9140426229186 344.06210655730814
47 102.51222226472115 331.60027919466995
48 100.9056154853831 319.0112086608365
49 100.100691523363 306.34558669961353
50 100.100691523363 293.6544133003864
51 100.9056154853831 280.98879133916347
52 102.51222226472115 268.39972080533
53 104.9140426229186 255.9378934426919
54 108.10140527710053 243.65348863171403
55 112.06147584281831 231.59597133486625
56 116.77830851358607 219.81389291867725
57 122.23291026901529 208.35469565451794
58 128.4033173530046 197.2645216853187
59 135.26468371403345 186.58802722744588
60 142.78938105144252 176.36820275587894
61 150.94711006484906 166.6461998967417
62 159.70502245873575 157.4611657242274
63 169.02785321094296 148.85008512914837
64 178.87806257246666 140.84763189383358
65 189.21598722677788 133.48602907304576
66 200.00000000000006 126.79491924311225
67 211.1866774788452 120.8012451417328
68 222.73097486137425 115.52914117908372
69 234.5864073365156 110.99983625706633
70 246.70523726199306 107.23156828801157
71 259.0386663869619 104.23951075704426
72 271.53703234534294 102.03571162381346
73 284.15000862864224 100.62904480961154
74 296.8268072330385 100.02517446522498
75 309.5163831647485 100.22653216339842
76 322.1676399802022 101.23230710774916
77 334.729635533386 103.03844939755837
78 347.1517871018855 105.63768633529168
79 359.384075065655 109.01955171118522
80 371.3772443183743 113.17042794697863
81 383.08300260037737 118.07360092909636
82 394.4542149545366 123.70932731048362
83 405.4450935221005 130.05491401009712
84 416.01138191423956 137.08480958993283
85 426.11053341690456 144.77070714164867
86 435.70188231142646 153.08165826849338
87 444.746807621014 161.9841977035776
88 453.2088886237956 171.4424780626921
89 461.05405150621175 181.41841418907197
90 468.2507065662362 191.8718365088805
91 474.7698754139569 202.76065277990625
92 480.5853076573242 214.04101758216564
93 485.6735866032145 225.66750886793454
94 490.0142235481891 237.59331086030258
95 493.58974027927127 249.77040256378413
96 496.3857394525414 262.1497511279181
97 498.39096256615903 274.6815092852502
98 499.5973352943769 287.3152160686871
99 500.0 299.99999999999994
100 129.76400159466635 205.67841475043832
101 128.76400159466635 229.34172482174165
102 122.76400159466634 263.005034893045
103 128.76400159466635 288.6683449643483
104 127.76400159466634 314.33165503565164
105 124.76400159466634 342.99496510695496
106 130.76400159466635 369.6582751782583
107 123.76400159466634 390.3215852495616
108 154.42731166596968 181.015104679135
109 153.42731166596968 205.67841475043832
110 150.42731166596968 229.34172482174165
111 150.42731166596968 256.005034893045
112 156.42731166596968 290.6683449643483
113 157.42731166596968 314.33165503565164
114 155.42731166596968 335.99496510695496
115 149.42731166596968 366.6582751782583
116 148.42731166596968 388.3215852495616
117 151.42731166596968 419.98489532086495
118 177.090621737273 154.35179460783166
119 179.090621737273 176.015104679135
120 184.090621737273 205.67841475043832
121 184.090621737273 233.34172482174165
122 176.090621737273 260.005034893045
123 179.090621737273 283.6683449643483
124 176.090621737273 315.33165503565164
125 178.090621737273 343.99496510695496
126 182.090621737273 368.6582751782583
127 179.090621737273 392.3215852495616
128 183.090621737273 420.98489532086495
129 180.090621737273 441.6482053921683
130 202.75393180857634 157.35179460783166
131 209.75393180857634 183.015104679135
132 208.75393180857634 207.67841475043832
133 201.75393180857634 236.34172482174165
134 201.75393180857634 255.00503489304498
135 205.75393180857634 281.6683449643483
136 204.75393180857634 314.33165503565164
137 205.75393180857634 336.99496510695496
138 209.75393180857634 365.6582751782583
139 202.75393180857634 390.3215852495616
140 210.75393180857634 414.98489532086495
141 207.75393180857634 446.6482053921683
142 205.75393180857634 469.3115154634716
143 235.41724187987967 130.68848453652834
144 233.41724187987967 153.35179460783166
145 228.41724187987967 176.015104679135
146 228.41724187987967 208.67841475043832
147 236.41724187987967 237.34172482174165
148 233.41724187987967 259.005034893045
149 232.41724187987967 283.6683449643483
150 232.41724187987967 312.33165503565164
151 229.41724187987967 339.99496510695496
152 231.41724187987967 370.6582751782583
153 231.41724187987967 395.3215852495616
154 230.41724187987967 423.98489532086495
155 234.41724187987967 450.6482053921683
156 235.41724187987967 472.3115154634716
157 260.080551951183 126.68848453652832
158 257.080551951183 153.35179460783166
159 257.080551951183 183.015104679135
160 259.080551951183 207.67841475043832
161 260.080551951183 228.34172482174165
162 263.080551951183 256.005034893045
163 260.080551951183 289.6683449643483
164 263.080551951183 314.33165503565164
165 255.080551951183 336.99496510695496
166 256.080551951183 366.6582751782583
167 256.080551951183 397.3215852495616
168 261.080551951183 417.98489532086495
169 264.080551951183 449.6482053921683
170 255.080551951183 474.3115154634716
171 290.7438620224863 128.68848453652834
172 286.7438620224863 155.35179460783166
173 281.7438620224863 178.015104679135
174 288.7438620224863 206.67841475043832
175 286.7438620224863 235.34172482174165
176 284.7438620224863 260.005034893045
177 284.7438620224863 288.6683449643483
178 285.7438620224863 312.33165503565164
179 286.7438620224863 343.99496510695496
180 290.7438620224863 362.6582751782583
181 289.7438620224863 394.3215852495616
182 287.7438620224863 421.98489532086495
183 284.7438620224863 448.6482053921683
184 289.7438620224863 474.3115154634716
185 288.7438620224863 498.97482553477494
186 311.40717209378965 125.68848453652832
187 311.40717209378965 152.35179460783166
188 310.40717209378965 180.015104679135
189 308.40717209378965 205.67841475043832
190 311.40717209378965 231.34172482174165
191 317.40717209378965 262.005034893045
192 316.40717209378965 284.6683449643483
193 315.40717209378965 310.33165503565164
194 313.40717209378965 341.99496510695496
195 314.40717209378965 368.6582751782583
196 312.40717209378965 394.3215852495616
197 308.40717209378965 423.98489532086495
198 315.40717209378965 442.6482053921683
199 310.40717209378965 470.3115154634716
200 339.070482165093 126.68848453652832
201 343.070482165093 150.35179460783166
202 336.070482165093 183.015104679135
203 335.070482165093 201.67841475043832
204 340.070482165093 228.34172482174165
205 336.070482165093 256.005034893045
206 335.070482165093 282.6683449643483
207 343.070482165093 316.33165503565164
208 341.070482165093 338.99496510695496
209 338.070482165093 367.6582751782583
210 342.070482165093 396.3215852495616
211 339.070482165093 417.98489532086495
212 337.070482165093 443.6482053921683
213 338.070482165093 474.3115154634716
214 366.7337922363963 129.68848453652834
215 369.7337922363963 150.35179460783166
216 367.7337922363963 175.015104679135
217 367.7337922363963 208.67841475043832
218 367.7337922363963 234.34172482174165
219 362.7337922363963 257.005034893045
220 370.7337922363963 282.6683449643483
221 364.7337922363963 310.33165503565164
222 362.7337922363963 337.99496510695496
223 361.7337922363963 362.6582751782583
224 363.7337922363963 390.3215852495616
225 367.7337922363963 421.98489532086495
226 364.7337922363963 443.6482053921683
227 366.7337922363963 477.3115154634716
228 390.39710230769964 122.68848453652832
229 394.39710230769964 156.35179460783166
230 395.39710230769964 179.015104679135
231 393.39710230769964 205.67841475043832
232 394.39710230769964 234.34172482174165
233 397.39710230769964 259.005034893045
234 393.39710230769964 286.6683449643483
235 395.39710230769964 316.33165503565164
236 395.39710230769964 334.99496510695496
237 389.39710230769964 368.6582751782583
238 396.39710230769964 396.3215852495616
239 397.39710230769964 414.98489532086495
240 393.39710230769964 443.6482053921683
241 418.06041237900297 154.35179460783166
242 418.06041237900297 176.015104679135
243 419.06041237900297 202.67841475043832
244 416.06041237900297 231.34172482174165
245 423.06041237900297 259.005034893045
246 422.06041237900297 282.6683449643483
247 417.06041237900297 311.33165503565164
248 416.06041237900297 343.99496510695496
249 416.06041237900297 370.6582751782583
250 418.06041237900297 397.3215852495616
251 416.06041237900297 420.98489532086495
252 424.06041237900297 448.6482053921683
253 442.7237224503063 181.015104679135
254 447.7237224503063 205.67841475043832
255 450.7237224503063 232.34172482174165
256 448.7237224503063 263.005034893045
257 445.7237224503063 286.6683449643483
258 443.7237224503063 310.33165503565164
259 448.7237224503063 340.99496510695496
260 448.7237224503063 363.6582751782583
261 444.7237224503063 390.3215852495616
262 445.7237224503063 423.98489532086495
263 472.3870325216096 207.67841475043832
264 473.3870325216096 236.34172482174165
265 468.3870325216096 255.00503489304498
266 471.3870325216096 287.6683449643483
267 471.3870325216096 317.33165503565164
268 475.3870325216096 335.99496510695496
269 472.3870325216096 363.6582751782583
270 474.3870325216096 395.3215852495616
