309.51638316474845 499.7734678366016 296.8268072330384 499.97482553477505 284.1500086286423 499.3709551903885
309.51638316474845 499.7734678366016 296.8268072330384 499.97482553477505 310.40717209378965 470.3115154634716
296.8268072330384 499.97482553477505 284.1500086286423 499.3709551903885 288.7438620224863 498.97482553477494
284.1500086286423 499.3709551903885 289.7438620224863 474.3115154634716 288.7438620224863 498.97482553477494
296.8268072330384 499.97482553477505 289.7438620224863 474.3115154634716 288.7438620224863 498.97482553477494
322.16763998020224 498.7676928922508 309.51638316474845 499.7734678366016 310.40717209378965 470.3115154634716
284.1500086286423 499.3709551903885 271.53703234534294 497.9642883761866 289.7438620224863 474.3115154634716
334.7296355333861 496.9615506024416 322.16763998020224 498.7676928922508 338.070482165093 474.3115154634716
271.53703234534294 497.9642883761866 259.03866638696184 495.7604892429557 255.080551951183 474.3115154634716
347.1517871018855 494.3623136647083 334.7296355333861 496.9615506024416 338.070482165093 474.3115154634716
259.03866638696184 495.7604892429557 246.70523726199298 492.7684317119884 255.080551951183 474.3115154634716
359.384075065655 490.9804482888148 347.1517871018855 494.3623136647083 338.070482165093 474.3115154634716
246.70523726199298 492.7684317119884 234.58640733651566 489.0001637429337 235.41724187987967 472.3115154634716
371.3772443183744 486.82957205302137 359.384075065655 490.9804482888148 366.7337922363963 477.3115154634716
234.58640733651566 489.0001637429337 222.73097486137425 484.4708588209163 235.41724187987967 472.3115154634716
383.0830026003773 481.9263990709037 371.3772443183744 486.82957205302137 366.7337922363963 477.3115154634716
222.73097486137425 484.4708588209163 211.18667747884518 479.1987548582672 235.41724187987967 472.3115154634716
359.384075065655 490.9804482888148 338.070482165093 474.3115154634716 366.7337922363963 477.3115154634716
394.45421495453655 476.29067268951644 383.0830026003773 481.9263990709037 366.7337922363963 477.3115154634716
394.45421495453655 476.29067268951644 366.7337922363963 477.3115154634716 393.39710230769964 443.6482053921683
246.70523726199298 492.7684317119884 235.41724187987967 472.3115154634716 255.080551951183 474.3115154634716
271.53703234534294 497.9642883761866 255.080551951183 474.3115154634716 289.7438620224863 474.3115154634716
264.080551951183 449.6482053921683 255.080551951183 474.3115154634716 289.7438620224863 474.3115154634716
296.8268072330384 499.97482553477505 289.7438620224863 474.3115154634716 310.40717209378965 470.3115154634716
322.16763998020224 498.7676928922508 310.40717209378965 470.3115154634716 338.070482165093 474.3115154634716
338.070482165093 474.3115154634716 364.7337922363963 443.6482053921683 366.7337922363963 477.3115154634716
211.18667747884518 479.1987548582672 199.99999999999994 473.2050807568877 205.75393180857634 469.3115154634716
211.18667747884518 479.1987548582672 205.75393180857634 469.3115154634716 235.41724187987967 472.3115154634716
234.41724187987967 450.6482053921683 235.41724187987967 472.3115154634716 255.080551951183 474.3115154634716
284.7438620224863 448.6482053921683 289.7438620224863 474.3115154634716 310.40717209378965 470.3115154634716
310.40717209378965 470.3115154634716 337.070482165093 443.6482053921683 338.070482165093 474.3115154634716
405.4450935221005 469.94508598990285 394.45421495453655 476.29067268951644 393.39710230769964 443.6482053921683
199.99999999999994 473.2050807568877 189.21598722677794 466.51397092695424 205.75393180857634 469.3115154634716
205.75393180857634 469.3115154634716 234.41724187987967 450.6482053921683 235.41724187987967 472.3115154634716
189.21598722677794 466.51397092695424 207.75393180857634 446.6482053921683 205.75393180857634 469.3115154634716
416.0113819142396 462.9151904100671 405.4450935221005 469.94508598990285 393.39710230769964 443.6482053921683
189.21598722677794 466.51397092695424 178.87806257246663 459.15236810616636 180.090621737273 441.6482053921683
426.1105334169045 455.22929285835136 416.0113819142396 462.9151904100671 424.06041237900297 448.6482053921683
178.87806257246663 459.15236810616636 169.027853210943 451.14991487085166 180.090621737273 441.6482053921683
207.75393180857634 446.6482053921683 205.75393180857634 469.3115154634716 234.41724187987967 450.6482053921683
234.41724187987967 450.6482053921683 264.080551951183 449.6482053921683 255.080551951183 474.3115154634716
234.41724187987967 450.6482053921683 261.080551951183 417.98489532086495 264.080551951183 449.6482053921683
264.080551951183 449.6482053921683 284.7438620224863 448.6482053921683 289.7438620224863 474.3115154634716
264.080551951183 449.6482053921683 287.7438620224863 421.98489532086495 284.7438620224863 448.6482053921683
284.7438620224863 448.6482053921683 315.40717209378965 442.6482053921683 310.40717209378965 470.3115154634716
416.0113819142396 462.9151904100671 393.39710230769964 443.6482053921683 424.06041237900297 448.6482053921683
435.7018823114264 446.91834173150664 426.1105334169045 455.22929285835136 424.06041237900297 448.6482053921683
435.7018823114264 446.91834173150664 416.06041237900297 420.98489532086495 424.06041237900297 448.6482053921683
189.21598722677794 466.51397092695424 180.090621737273 441.6482053921683 207.75393180857634 446.6482053921683
207.75393180857634 446.6482053921683 230.41724187987967 423.98489532086495 234.41724187987967 450.6482053921683
315.40717209378965 442.6482053921683 310.40717209378965 470.3115154634716 337.070482165093 443.6482053921683
337.070482165093 443.6482053921683 338.070482165093 474.3115154634716 364.7337922363963 443.6482053921683
339.070482165093 417.98489532086495 337.070482165093 443.6482053921683 364.7337922363963 443.6482053921683
364.7337922363963 443.6482053921683 366.7337922363963 477.3115154634716 393.39710230769964 443.6482053921683
367.7337922363963 421.98489532086495 364.7337922363963 443.6482053921683 393.39710230769964 443.6482053921683
393.39710230769964 443.6482053921683 416.06041237900297 420.98489532086495 424.06041237900297 448.6482053921683
284.7438620224863 448.6482053921683 308.40717209378965 423.98489532086495 315.40717209378965 442.6482053921683
315.40717209378965 442.6482053921683 339.070482165093 417.98489532086495 337.070482165093 443.6482053921683
169.027853210943 451.14991487085166 159.70502245873573 442.5388342757725 180.090621737273 441.6482053921683
159.70502245873573 442.5388342757725 183.090621737273 420.98489532086495 180.090621737273 441.6482053921683
183.090621737273 420.98489532086495 180.090621737273 441.6482053921683 207.75393180857634 446.6482053921683
444.746807621014 438.0158022964224 435.7018823114264 446.91834173150664 416.06041237900297 420.98489532086495
159.70502245873573 442.5388342757725 150.94711006484906 433.3538001032583 151.42731166596968 419.98489532086495
453.2088886237956 428.55752193730785 444.746807621014 438.0158022964224 445.7237224503063 423.98489532086495
210.75393180857634 414.98489532086495 207.75393180857634 446.6482053921683 230.41724187987967 423.98489532086495
230.41724187987967 423.98489532086495 234.41724187987967 450.6482053921683 261.080551951183 417.98489532086495
287.7438620224863 421.98489532086495 284.7438620224863 448.6482053921683 308.40717209378965 423.98489532086495
308.40717209378965 423.98489532086495 315.40717209378965 442.6482053921683 339.070482165093 417.98489532086495
444.746807621014 438.0158022964224 416.06041237900297 420.98489532086495 445.7237224503063 423.98489532086495
461.05405150621175 418.58158581092806 453.2088886237956 428.55752193730785 445.7237224503063 423.98489532086495
150.94711006484906 433.3538001032583 142.7893810514425 423.631797244121 151.42731166596968 419.98489532086495
261.080551951183 417.98489532086495 264.080551951183 449.6482053921683 287.7438620224863 421.98489532086495
289.7438620224863 394.3215852495616 287.7438620224863 421.98489532086495 308.40717209378965 423.98489532086495
339.070482165093 417.98489532086495 367.7337922363963 421.98489532086495 364.7337922363963 443.6482053921683
367.7337922363963 421.98489532086495 397.39710230769964 414.98489532086495 393.39710230769964 443.6482053921683
159.70502245873573 442.5388342757725 151.42731166596968 419.98489532086495 183.090621737273 420.98489532086495
183.090621737273 420.98489532086495 210.75393180857634 414.98489532086495 207.75393180857634 446.6482053921683
397.39710230769964 414.98489532086495 393.39710230769964 443.6482053921683 416.06041237900297 420.98489532086495
418.06041237900297 397.3215852495616 416.06041237900297 420.98489532086495 445.7237224503063 423.98489532086495
142.7893810514425 423.631797244121 135.26468371403345 413.4119727725542 151.42731166596968 419.98489532086495
151.42731166596968 419.98489532086495 179.090621737273 392.3215852495616 183.090621737273 420.98489532086495
461.05405150621175 418.58158581092806 444.7237224503063 390.3215852495616 445.7237224503063 423.98489532086495
230.41724187987967 423.98489532086495 256.080551951183 397.3215852495616 261.080551951183 417.98489532086495
261.080551951183 417.98489532086495 289.7438620224863 394.3215852495616 287.7438620224863 421.98489532086495
312.40717209378965 394.3215852495616 308.40717209378965 423.98489532086495 339.070482165093 417.98489532086495
342.070482165093 396.3215852495616 339.070482165093 417.98489532086495 367.7337922363963 421.98489532086495
183.090621737273 420.98489532086495 202.75393180857634 390.3215852495616 210.75393180857634 414.98489532086495
210.75393180857634 414.98489532086495 231.41724187987967 395.3215852495616 230.41724187987967 423.98489532086495
367.7337922363963 421.98489532086495 396.39710230769964 396.3215852495616 397.39710230769964 414.98489532086495
397.39710230769964 414.98489532086495 418.06041237900297 397.3215852495616 416.06041237900297 420.98489532086495
135.26468371403345 413.4119727725542 148.42731166596968 388.3215852495616 151.42731166596968 419.98489532086495
468.2507065662362 408.1281634911195 461.05405150621175 418.58158581092806 444.7237224503063 390.3215852495616
135.26468371403345 413.4119727725542 128.40331735300458 402.73547831468125 148.42731166596968 388.3215852495616
231.41724187987967 395.3215852495616 230.41724187987967 423.98489532086495 256.080551951183 397.3215852495616
256.080551951183 397.3215852495616 261.080551951183 417.98489532086495 289.7438620224863 394.3215852495616
396.39710230769964 396.3215852495616 397.39710230769964 414.98489532086495 418.06041237900297 397.3215852495616
418.06041237900297 397.3215852495616 444.7237224503063 390.3215852495616 445.7237224503063 423.98489532086495
474.769875413957 397.23934722009375 468.2507065662362 408.1281634911195 474.3870325216096 395.3215852495616
312.40717209378965 394.3215852495616 342.070482165093 396.3215852495616 339.070482165093 417.98489532086495
342.070482165093 396.3215852495616 363.7337922363963 390.3215852495616 367.7337922363963 421.98489532086495
363.7337922363963 390.3215852495616 367.7337922363963 421.98489532086495 396.39710230769964 396.3215852495616
396.39710230769964 396.3215852495616 416.06041237900297 370.6582751782583 418.06041237900297 397.3215852495616
202.75393180857634 390.3215852495616 210.75393180857634 414.98489532086495 231.41724187987967 395.3215852495616
231.41724187987967 370.6582751782583 231.41724187987967 395.3215852495616 256.080551951183 397.3215852495616
468.2507065662362 408.1281634911195 444.7237224503063 390.3215852495616 474.3870325216096 395.3215852495616
480.5853076573242 385.95898241783436 474.769875413957 397.23934722009375 474.3870325216096 395.3215852495616
256.080551951183 366.6582751782583 256.080551951183 397.3215852495616 289.7438620224863 394.3215852495616
289.7438620224863 394.3215852495616 312.40717209378965 394.3215852495616 308.40717209378965 423.98489532086495
289.7438620224863 394.3215852495616 314.40717209378965 368.6582751782583 312.40717209378965 394.3215852495616
312.40717209378965 394.3215852495616 338.070482165093 367.6582751782583 342.070482165093 396.3215852495616
148.42731166596968 388.3215852495616 151.42731166596968 419.98489532086495 179.090621737273 392.3215852495616
179.090621737273 392.3215852495616 183.090621737273 420.98489532086495 202.75393180857634 390.3215852495616
128.40331735300458 402.73547831468125 122.23291026901532 391.6453043454821 123.76400159466634 390.3215852495616
122.23291026901532 391.6453043454821 116.77830851358607 380.1861070813227 123.76400159466634 390.3215852495616
128.40331735300458 402.73547831468125 123.76400159466634 390.3215852495616 148.42731166596968 388.3215852495616
182.090621737273 368.6582751782583 179.090621737273 392.3215852495616 202.75393180857634 390.3215852495616
202.75393180857634 390.3215852495616 231.41724187987967 370.6582751782583 231.41724187987967 395.3215852495616
338.070482165093 367.6582751782583 342.070482165093 396.3215852495616 363.7337922363963 390.3215852495616
363.7337922363963 390.3215852495616 389.39710230769964 368.6582751782583 396.39710230769964 396.3215852495616
416.06041237900297 370.6582751782583 418.06041237900297 397.3215852495616 444.7237224503063 390.3215852495616
444.7237224503063 390.3215852495616 472.3870325216096 363.6582751782583 474.3870325216096 395.3215852495616
130.76400159466635 369.6582751782583 123.76400159466634 390.3215852495616 148.42731166596968 388.3215852495616
148.42731166596968 388.3215852495616 182.090621737273 368.6582751782583 179.090621737273 392.3215852495616
480.5853076573242 385.95898241783436 472.3870325216096 363.6582751782583 474.3870325216096 395.3215852495616
116.77830851358607 380.1861070813227 130.76400159466635 369.6582751782583 123.76400159466634 390.3215852495616
485.6735866032145 374.3324911320655 480.5853076573242 385.95898241783436 472.3870325216096 363.6582751782583
209.75393180857634 365.6582751782583 202.75393180857634 390.3215852495616 231.41724187987967 370.6582751782583
231.41724187987967 370.6582751782583 256.080551951183 366.6582751782583 256.080551951183 397.3215852495616
389.39710230769964 368.6582751782583 396.39710230769964 396.3215852495616 416.06041237900297 370.6582751782583
416.06041237900297 370.6582751782583 448.7237224503063 363.6582751782583 444.7237224503063 390.3215852495616
116.77830851358607 380.1861070813227 112.06147584281834 368.40402866513375 130.76400159466635 369.6582751782583
130.76400159466635 369.6582751782583 149.42731166596968 366.6582751782583 148.42731166596968 388.3215852495616
149.42731166596968 366.6582751782583 148.42731166596968 388.3215852495616 182.090621737273 368.6582751782583
182.090621737273 368.6582751782583 209.75393180857634 365.6582751782583 202.75393180857634 390.3215852495616
290.7438620224863 362.6582751782583 289.7438620224863 394.3215852495616 314.40717209378965 368.6582751782583
314.40717209378965 368.6582751782583 312.40717209378965 394.3215852495616 338.070482165093 367.6582751782583
361.7337922363963 362.6582751782583 363.7337922363963 390.3215852495616 389.39710230769964 368.6582751782583
389.39710230769964 368.6582751782583 416.06041237900297 343.99496510695496 416.06041237900297 370.6582751782583
112.06147584281834 368.40402866513375 108.10140527710053 356.3465113682859 130.76400159466635 369.6582751782583
313.40717209378965 341.99496510695496 314.40717209378965 368.6582751782583 338.070482165093 367.6582751782583
338.070482165093 367.6582751782583 361.7337922363963 362.6582751782583 363.7337922363963 390.3215852495616
124.76400159466634 342.99496510695496 130.76400159466635 369.6582751782583 149.42731166596968 366.6582751782583
149.42731166596968 366.6582751782583 178.090621737273 343.99496510695496 182.090621737273 368.6582751782583
229.41724187987967 339.99496510695496 231.41724187987967 370.6582751782583 256.080551951183 366.6582751782583
256.080551951183 366.6582751782583 290.7438620224863 362.6582751782583 289.7438620224863 394.3215852495616
178.090621737273 343.99496510695496 182.090621737273 368.6582751782583 209.75393180857634 365.6582751782583
209.75393180857634 365.6582751782583 229.41724187987967 339.99496510695496 231.41724187987967 370.6582751782583
416.06041237900297 343.99496510695496 416.06041237900297 370.6582751782583 448.7237224503063 363.6582751782583
448.7237224503063 363.6582751782583 444.7237224503063 390.3215852495616 472.3870325216096 363.6582751782583
448.7237224503063 340.99496510695496 448.7237224503063 363.6582751782583 472.3870325216096 363.6582751782583
490.0142235481891 362.40668913969745 485.6735866032145 374.3324911320655 472.3870325216096 363.6582751782583
256.080551951183 366.6582751782583 286.7438620224863 343.99496510695496 290.7438620224863 362.6582751782583
290.7438620224863 362.6582751782583 313.40717209378965 341.99496510695496 314.40717209378965 368.6582751782583
341.070482165093 338.99496510695496 338.070482165093 367.6582751782583 361.7337922363963 362.6582751782583
362.7337922363963 337.99496510695496 361.7337922363963 362.6582751782583 389.39710230769964 368.6582751782583
493.58974027927127 350.22959743621584 490.0142235481891 362.40668913969745 472.3870325216096 363.6582751782583
108.10140527710053 356.3465113682859 124.76400159466634 342.99496510695496 130.76400159466635 369.6582751782583
493.58974027927127 350.22959743621584 475.3870325216096 335.99496510695496 472.3870325216096 363.6582751782583
108.10140527710053 356.3465113682859 104.9140426229186 344.06210655730814 124.76400159466634 342.99496510695496
155.42731166596968 335.99496510695496 149.42731166596968 366.6582751782583 178.090621737273 343.99496510695496
178.090621737273 343.99496510695496 205.75393180857634 336.99496510695496 209.75393180857634 365.6582751782583
255.080551951183 336.99496510695496 256.080551951183 366.6582751782583 286.7438620224863 343.99496510695496
286.7438620224863 343.99496510695496 290.7438620224863 362.6582751782583 313.40717209378965 341.99496510695496
395.39710230769964 334.99496510695496 389.39710230769964 368.6582751782583 416.06041237900297 343.99496510695496
416.06041237900297 343.99496510695496 448.7237224503063 340.99496510695496 448.7237224503063 363.6582751782583
104.9140426229186 344.06210655730814 102.51222226472115 331.60027919466995 124.76400159466634 342.99496510695496
124.76400159466634 342.99496510695496 155.42731166596968 335.99496510695496 149.42731166596968 366.6582751782583
285.7438620224863 312.33165503565164 286.7438620224863 343.99496510695496 313.40717209378965 341.99496510695496
313.40717209378965 341.99496510695496 341.070482165093 338.99496510695496 338.070482165093 367.6582751782583
416.06041237900297 343.99496510695496 443.7237224503063 310.33165503565164 448.7237224503063 340.99496510695496
448.7237224503063 340.99496510695496 475.3870325216096 335.99496510695496 472.3870325216096 363.6582751782583
205.75393180857634 336.99496510695496 209.75393180857634 365.6582751782583 229.41724187987967 339.99496510695496
229.41724187987967 339.99496510695496 255.080551951183 336.99496510695496 256.080551951183 366.6582751782583
315.40717209378965 310.33165503565164 313.40717209378965 341.99496510695496 341.070482165093 338.99496510695496
341.070482165093 338.99496510695496 362.7337922363963 337.99496510695496 361.7337922363963 362.6582751782583
343.070482165093 316.33165503565164 341.070482165093 338.99496510695496 362.7337922363963 337.99496510695496
362.7337922363963 337.99496510695496 395.39710230769964 334.99496510695496 389.39710230769964 368.6582751782583
496.3857394525413 337.85024887208203 493.58974027927127 350.22959743621584 475.3870325216096 335.99496510695496
176.090621737273 315.33165503565164 178.090621737273 343.99496510695496 205.75393180857634 336.99496510695496
204.75393180857634 314.33165503565164 205.75393180857634 336.99496510695496 229.41724187987967 339.99496510695496
232.41724187987967 312.33165503565164 229.41724187987967 339.99496510695496 255.080551951183 336.99496510695496
263.080551951183 314.33165503565164 255.080551951183 336.99496510695496 286.7438620224863 343.99496510695496
127.76400159466634 314.33165503565164 124.76400159466634 342.99496510695496 155.42731166596968 335.99496510695496
155.42731166596968 335.99496510695496 176.090621737273 315.33165503565164 178.090621737273 343.99496510695496
448.7237224503063 340.99496510695496 471.3870325216096 317.33165503565164 475.3870325216096 335.99496510695496
498.39096256615903 325.3184907147498 496.3857394525413 337.85024887208203 475.3870325216096 335.99496510695496
362.7337922363963 337.99496510695496 395.39710230769964 316.33165503565164 395.39710230769964 334.99496510695496
395.39710230769964 334.99496510695496 417.06041237900297 311.33165503565164 416.06041237900297 343.99496510695496
102.51222226472115 331.60027919466995 127.76400159466634 314.33165503565164 124.76400159466634 342.99496510695496
498.39096256615903 325.3184907147498 471.3870325216096 317.33165503565164 475.3870325216096 335.99496510695496
102.51222226472115 331.60027919466995 100.9056154853831 319.0112086608365 127.76400159466634 314.33165503565164
443.7237224503063 310.33165503565164 448.7237224503063 340.99496510695496 471.3870325216096 317.33165503565164
499.5973352943769 312.6847839313129 498.39096256615903 325.3184907147498 471.3870325216096 317.33165503565164
315.40717209378965 310.33165503565164 343.070482165093 316.33165503565164 341.070482165093 338.99496510695496
343.070482165093 316.33165503565164 364.7337922363963 310.33165503565164 362.7337922363963 337.99496510695496
364.7337922363963 310.33165503565164 362.7337922363963 337.99496510695496 395.39710230769964 316.33165503565164
395.39710230769964 316.33165503565164 395.39710230769964 334.99496510695496 417.06041237900297 311.33165503565164
157.42731166596968 314.33165503565164 155.42731166596968 335.99496510695496 176.090621737273 315.33165503565164
176.090621737273 315.33165503565164 204.75393180857634 314.33165503565164 205.75393180857634 336.99496510695496
100.9056154853831 319.0112086608365 100.100691523363 306.34558669961353 127.76400159466634 314.33165503565164
127.76400159466634 314.33165503565164 157.42731166596968 314.33165503565164 155.42731166596968 335.99496510695496
127.76400159466634 314.33165503565164 156.42731166596968 290.6683449643483 157.42731166596968 314.33165503565164
156.42731166596968 290.6683449643483 157.42731166596968 314.33165503565164 176.090621737273 315.33165503565164
179.090621737273 283.6683449643483 176.090621737273 315.33165503565164 204.75393180857634 314.33165503565164
204.75393180857634 314.33165503565164 232.41724187987967 312.33165503565164 229.41724187987967 339.99496510695496
232.41724187987967 312.33165503565164 263.080551951183 314.33165503565164 255.080551951183 336.99496510695496
263.080551951183 314.33165503565164 285.7438620224863 312.33165503565164 286.7438620224863 343.99496510695496
500.0 300.0 499.5973352943769 312.6847839313129 471.3870325216096 317.33165503565164
205.75393180857634 281.6683449643483 204.75393180857634 314.33165503565164 232.41724187987967 312.33165503565164
232.41724187987967 312.33165503565164 260.080551951183 289.6683449643483 263.080551951183 314.33165503565164
263.080551951183 314.33165503565164 284.7438620224863 288.6683449643483 285.7438620224863 312.33165503565164
285.7438620224863 312.33165503565164 315.40717209378965 310.33165503565164 313.40717209378965 341.99496510695496
393.39710230769964 286.6683449643483 395.39710230769964 316.33165503565164 417.06041237900297 311.33165503565164
417.06041237900297 311.33165503565164 416.06041237900297 343.99496510695496 443.7237224503063 310.33165503565164
284.7438620224863 288.6683449643483 285.7438620224863 312.33165503565164 315.40717209378965 310.33165503565164
315.40717209378965 310.33165503565164 335.070482165093 282.6683449643483 343.070482165093 316.33165503565164
335.070482165093 282.6683449643483 343.070482165093 316.33165503565164 364.7337922363963 310.33165503565164
364.7337922363963 310.33165503565164 393.39710230769964 286.6683449643483 395.39710230769964 316.33165503565164
422.06041237900297 282.6683449643483 417.06041237900297 311.33165503565164 443.7237224503063 310.33165503565164
443.7237224503063 310.33165503565164 471.3870325216096 287.6683449643483 471.3870325216096 317.33165503565164
100.100691523363 306.34558669961353 128.76400159466635 288.6683449643483 127.76400159466634 314.33165503565164
500.0 300.0 471.3870325216096 287.6683449643483 471.3870325216096 317.33165503565164
500.0 300.0 499.5973352943769 287.3152160686871 500.0 299.99999999999994
100.100691523363 306.34558669961353 100.100691523363 293.6544133003864 128.76400159466635 288.6683449643483
128.76400159466635 288.6683449643483 127.76400159466634 314.33165503565164 156.42731166596968 290.6683449643483
156.42731166596968 290.6683449643483 179.090621737273 283.6683449643483 176.090621737273 315.33165503565164
232.41724187987967 283.6683449643483 232.41724187987967 312.33165503565164 260.080551951183 289.6683449643483
260.080551951183 289.6683449643483 263.080551951183 314.33165503565164 284.7438620224863 288.6683449643483
100.100691523363 293.6544133003864 100.9056154853831 280.98879133916347 128.76400159466635 288.6683449643483
128.76400159466635 288.6683449643483 150.42731166596968 256.005034893045 156.42731166596968 290.6683449643483
260.080551951183 289.6683449643483 284.7438620224863 260.005034893045 284.7438620224863 288.6683449643483
284.7438620224863 288.6683449643483 316.40717209378965 284.6683449643483 315.40717209378965 310.33165503565164
445.7237224503063 286.6683449643483 443.7237224503063 310.33165503565164 471.3870325216096 287.6683449643483
500.0 300.0 499.5973352943769 287.3152160686871 471.3870325216096 287.6683449643483
498.39096256615903 274.6815092852502 499.5973352943769 287.3152160686871 471.3870325216096 287.6683449643483
370.7337922363963 282.6683449643483 364.7337922363963 310.33165503565164 393.39710230769964 286.6683449643483
393.39710230769964 286.6683449643483 422.06041237900297 282.6683449643483 417.06041237900297 311.33165503565164
422.06041237900297 282.6683449643483 445.7237224503063 286.6683449643483 443.7237224503063 310.33165503565164
448.7237224503063 263.005034893045 445.7237224503063 286.6683449643483 471.3870325216096 287.6683449643483
284.7438620224863 260.005034893045 284.7438620224863 288.6683449643483 316.40717209378965 284.6683449643483
316.40717209378965 284.6683449643483 315.40717209378965 310.33165503565164 335.070482165093 282.6683449643483
156.42731166596968 290.6683449643483 176.090621737273 260.005034893045 179.090621737273 283.6683449643483
179.090621737273 283.6683449643483 205.75393180857634 281.6683449643483 204.75393180857634 314.33165503565164
205.75393180857634 281.6683449643483 232.41724187987967 283.6683449643483 232.41724187987967 312.33165503565164
233.41724187987967 259.005034893045 232.41724187987967 283.6683449643483 260.080551951183 289.6683449643483
317.40717209378965 262.005034893045 316.40717209378965 284.6683449643483 335.070482165093 282.6683449643483
335.070482165093 282.6683449643483 370.7337922363963 282.6683449643483 364.7337922363963 310.33165503565164
335.070482165093 282.6683449643483 362.7337922363963 257.005034893045 370.7337922363963 282.6683449643483
370.7337922363963 282.6683449643483 397.39710230769964 259.005034893045 393.39710230769964 286.6683449643483
397.39710230769964 259.005034893045 393.39710230769964 286.6683449643483 422.06041237900297 282.6683449643483
422.06041237900297 282.6683449643483 448.7237224503063 263.005034893045 445.7237224503063 286.6683449643483
179.090621737273 283.6683449643483 201.75393180857634 255.00503489304498 205.75393180857634 281.6683449643483
205.75393180857634 281.6683449643483 233.41724187987967 259.005034893045 232.41724187987967 283.6683449643483
100.9056154853831 280.98879133916347 122.76400159466634 263.005034893045 128.76400159466635 288.6683449643483
496.3857394525414 262.1497511279181 498.39096256615903 274.6815092852502 471.3870325216096 287.6683449643483
100.9056154853831 280.98879133916347 102.51222226472115 268.39972080533 122.76400159466634 263.005034893045
102.51222226472115 268.39972080533 104.9140426229186 255.9378934426919 122.76400159466634 263.005034893045
122.76400159466634 263.005034893045 128.76400159466635 288.6683449643483 150.42731166596968 256.005034893045
423.06041237900297 259.005034893045 422.06041237900297 282.6683449643483 448.7237224503063 263.005034893045
448.7237224503063 263.005034893045 468.3870325216096 255.00503489304498 471.3870325216096 287.6683449643483
496.3857394525414 262.1497511279181 468.3870325216096 255.00503489304498 471.3870325216096 287.6683449643483
284.7438620224863 260.005034893045 317.40717209378965 262.005034893045 316.40717209378965 284.6683449643483
317.40717209378965 262.005034893045 336.070482165093 256.005034893045 335.070482165093 282.6683449643483
150.42731166596968 256.005034893045 156.42731166596968 290.6683449643483 176.090621737273 260.005034893045
176.090621737273 260.005034893045 179.090621737273 283.6683449643483 201.75393180857634 255.00503489304498
263.080551951183 256.005034893045 260.080551951183 289.6683449643483 284.7438620224863 260.005034893045
284.7438620224863 260.005034893045 311.40717209378965 231.34172482174165 317.40717209378965 262.005034893045
201.75393180857634 255.00503489304498 205.75393180857634 281.6683449643483 233.41724187987967 259.005034893045
233.41724187987967 259.005034893045 263.080551951183 256.005034893045 260.080551951183 289.6683449643483
362.7337922363963 257.005034893045 370.7337922363963 282.6683449643483 397.39710230769964 259.005034893045
397.39710230769964 259.005034893045 423.06041237900297 259.005034893045 422.06041237900297 282.6683449643483
397.39710230769964 259.005034893045 416.06041237900297 231.34172482174165 423.06041237900297 259.005034893045
423.06041237900297 259.005034893045 450.7237224503063 232.34172482174165 448.7237224503063 263.005034893045
336.070482165093 256.005034893045 335.070482165093 282.6683449643483 362.7337922363963 257.005034893045
367.7337922363963 234.34172482174165 362.7337922363963 257.005034893045 397.39710230769964 259.005034893045
128.76400159466635 229.34172482174165 122.76400159466634 263.005034893045 150.42731166596968 256.005034893045
150.42731166596968 229.34172482174165 150.42731166596968 256.005034893045 176.090621737273 260.005034893045
236.41724187987967 237.34172482174165 233.41724187987967 259.005034893045 263.080551951183 256.005034893045
263.080551951183 256.005034893045 286.7438620224863 235.34172482174165 284.7438620224863 260.005034893045
311.40717209378965 231.34172482174165 317.40717209378965 262.005034893045 336.070482165093 256.005034893045
340.070482165093 228.34172482174165 336.070482165093 256.005034893045 362.7337922363963 257.005034893045
104.9140426229186 255.9378934426919 108.10140527710053 243.65348863171403 122.76400159466634 263.005034893045
184.090621737273 233.34172482174165 176.090621737273 260.005034893045 201.75393180857634 255.00503489304498
201.75393180857634 255.00503489304498 236.41724187987967 237.34172482174165 233.41724187987967 259.005034893045
450.7237224503063 232.34172482174165 448.7237224503063 263.005034893045 468.3870325216096 255.00503489304498
493.58974027927127 249.77040256378413 496.3857394525414 262.1497511279181 468.3870325216096 255.00503489304498
493.58974027927127 249.77040256378413 473.3870325216096 236.34172482174165 468.3870325216096 255.00503489304498
108.10140527710053 243.65348863171403 128.76400159466635 229.34172482174165 122.76400159466634 263.005034893045
490.0142235481891 237.59331086030258 493.58974027927127 249.77040256378413 473.3870325216096 236.34172482174165
201.75393180857634 236.34172482174165 201.75393180857634 255.00503489304498 236.41724187987967 237.34172482174165
236.41724187987967 237.34172482174165 260.080551951183 228.34172482174165 263.080551951183 256.005034893045
184.090621737273 233.34172482174165 201.75393180857634 236.34172482174165 201.75393180857634 255.00503489304498
201.75393180857634 236.34172482174165 228.41724187987967 208.67841475043832 236.41724187987967 237.34172482174165
450.7237224503063 232.34172482174165 473.3870325216096 236.34172482174165 468.3870325216096 255.00503489304498
485.6735866032145 225.66750886793454 490.0142235481891 237.59331086030258 473.3870325216096 236.34172482174165
260.080551951183 228.34172482174165 263.080551951183 256.005034893045 286.7438620224863 235.34172482174165
286.7438620224863 235.34172482174165 284.7438620224863 260.005034893045 311.40717209378965 231.34172482174165
340.070482165093 228.34172482174165 367.7337922363963 234.34172482174165 362.7337922363963 257.005034893045
367.7337922363963 234.34172482174165 394.39710230769964 234.34172482174165 397.39710230769964 259.005034893045
367.7337922363963 208.67841475043832 367.7337922363963 234.34172482174165 394.39710230769964 234.34172482174165
394.39710230769964 234.34172482174165 397.39710230769964 259.005034893045 416.06041237900297 231.34172482174165
150.42731166596968 229.34172482174165 184.090621737273 233.34172482174165 176.090621737273 260.005034893045
184.090621737273 233.34172482174165 208.75393180857634 207.67841475043832 201.75393180857634 236.34172482174165
416.06041237900297 231.34172482174165 423.06041237900297 259.005034893045 450.7237224503063 232.34172482174165
450.7237224503063 232.34172482174165 472.3870325216096 207.67841475043832 473.3870325216096 236.34172482174165
108.10140527710053 243.65348863171403 112.06147584281831 231.59597133486625 128.76400159466635 229.34172482174165
288.7438620224863 206.67841475043832 286.7438620224863 235.34172482174165 311.40717209378965 231.34172482174165
311.40717209378965 231.34172482174165 340.070482165093 228.34172482174165 336.070482165093 256.005034893045
393.39710230769964 205.67841475043832 394.39710230769964 234.34172482174165 416.06041237900297 231.34172482174165
416.06041237900297 231.34172482174165 447.7237224503063 205.67841475043832 450.7237224503063 232.34172482174165
112.06147584281831 231.59597133486625 116.77830851358607 219.81389291867725 128.76400159466635 229.34172482174165
128.76400159466635 229.34172482174165 150.42731166596968 229.34172482174165 150.42731166596968 256.005034893045
129.76400159466635 205.67841475043832 128.76400159466635 229.34172482174165 150.42731166596968 229.34172482174165
153.42731166596968 205.67841475043832 150.42731166596968 229.34172482174165 184.090621737273 233.34172482174165
228.41724187987967 208.67841475043832 236.41724187987967 237.34172482174165 260.080551951183 228.34172482174165
260.080551951183 228.34172482174165 288.7438620224863 206.67841475043832 286.7438620224863 235.34172482174165
311.40717209378965 231.34172482174165 335.070482165093 201.67841475043832 340.070482165093 228.34172482174165
340.070482165093 228.34172482174165 367.7337922363963 208.67841475043832 367.7337922363963 234.34172482174165
480.5853076573242 214.04101758216564 485.6735866032145 225.66750886793454 473.3870325216096 236.34172482174165
116.77830851358607 219.81389291867725 122.23291026901529 208.35469565451794 128.76400159466635 229.34172482174165
480.5853076573242 214.04101758216564 472.3870325216096 207.67841475043832 473.3870325216096 236.34172482174165
208.75393180857634 207.67841475043832 201.75393180857634 236.34172482174165 228.41724187987967 208.67841475043832
228.41724187987967 208.67841475043832 259.080551951183 207.67841475043832 260.080551951183 228.34172482174165
335.070482165093 201.67841475043832 340.070482165093 228.34172482174165 367.7337922363963 208.67841475043832
367.7337922363963 208.67841475043832 393.39710230769964 205.67841475043832 394.39710230769964 234.34172482174165
122.23291026901529 208.35469565451794 129.76400159466635 205.67841475043832 128.76400159466635 229.34172482174165
184.090621737273 205.67841475043832 184.090621737273 233.34172482174165 208.75393180857634 207.67841475043832
209.75393180857634 183.015104679135 208.75393180857634 207.67841475043832 228.41724187987967 208.67841475043832
228.41724187987967 208.67841475043832 257.080551951183 183.015104679135 259.080551951183 207.67841475043832
259.080551951183 207.67841475043832 260.080551951183 228.34172482174165 288.7438620224863 206.67841475043832
447.7237224503063 205.67841475043832 450.7237224503063 232.34172482174165 472.3870325216096 207.67841475043832
474.7698754139569 202.76065277990625 480.5853076573242 214.04101758216564 472.3870325216096 207.67841475043832
259.080551951183 207.67841475043832 281.7438620224863 178.015104679135 288.7438620224863 206.67841475043832
288.7438620224863 206.67841475043832 308.40717209378965 205.67841475043832 311.40717209378965 231.34172482174165
122.23291026901529 208.35469565451794 128.4033173530046 197.2645216853187 129.76400159466635 205.67841475043832
129.76400159466635 205.67841475043832 153.42731166596968 205.67841475043832 150.42731166596968 229.34172482174165
128.4033173530046 197.2645216853187 129.76400159466635 205.67841475043832 153.42731166596968 205.67841475043832
153.42731166596968 205.67841475043832 184.090621737273 205.67841475043832 184.090621737273 233.34172482174165
154.42731166596968 181.015104679135 153.42731166596968 205.67841475043832 184.090621737273 205.67841475043832
184.090621737273 205.67841475043832 209.75393180857634 183.015104679135 208.75393180857634 207.67841475043832
288.7438620224863 206.67841475043832 310.40717209378965 180.015104679135 308.40717209378965 205.67841475043832
308.40717209378965 205.67841475043832 311.40717209378965 231.34172482174165 335.070482165093 201.67841475043832
367.7337922363963 175.015104679135 367.7337922363963 208.67841475043832 393.39710230769964 205.67841475043832
393.39710230769964 205.67841475043832 419.06041237900297 202.67841475043832 416.06041237900297 231.34172482174165
419.06041237900297 202.67841475043832 416.06041237900297 231.34172482174165 447.7237224503063 205.67841475043832
468.2507065662362 191.8718365088805 447.7237224503063 205.67841475043832 472.3870325216096 207.67841475043832
468.2507065662362 191.8718365088805 474.7698754139569 202.76065277990625 472.3870325216096 207.67841475043832
395.39710230769964 179.015104679135 393.39710230769964 205.67841475043832 419.06041237900297 202.67841475043832
419.06041237900297 202.67841475043832 442.7237224503063 181.015104679135 447.7237224503063 205.67841475043832
310.40717209378965 180.015104679135 308.40717209378965 205.67841475043832 335.070482165093 201.67841475043832
336.070482165093 183.015104679135 335.070482165093 201.67841475043832 367.7337922363963 208.67841475043832
128.4033173530046 197.2645216853187 135.26468371403345 186.58802722744588 153.42731166596968 205.67841475043832
461.05405150621175 181.41841418907197 468.2507065662362 191.8718365088805 447.7237224503063 205.67841475043832
135.26468371403345 186.58802722744588 154.42731166596968 181.015104679135 153.42731166596968 205.67841475043832
179.090621737273 176.015104679135 184.090621737273 205.67841475043832 209.75393180857634 183.015104679135
209.75393180857634 183.015104679135 228.41724187987967 176.015104679135 228.41724187987967 208.67841475043832
228.41724187987967 176.015104679135 228.41724187987967 208.67841475043832 257.080551951183 183.015104679135
257.080551951183 183.015104679135 259.080551951183 207.67841475043832 281.7438620224863 178.015104679135
310.40717209378965 180.015104679135 336.070482165093 183.015104679135 335.070482165093 201.67841475043832
336.070482165093 183.015104679135 367.7337922363963 175.015104679135 367.7337922363963 208.67841475043832
461.05405150621175 181.41841418907197 442.7237224503063 181.015104679135 447.7237224503063 205.67841475043832
135.26468371403345 186.58802722744588 142.78938105144252 176.36820275587894 154.42731166596968 181.015104679135
154.42731166596968 181.015104679135 179.090621737273 176.015104679135 184.090621737273 205.67841475043832
418.06041237900297 176.015104679135 419.06041237900297 202.67841475043832 442.7237224503063 181.015104679135
453.2088886237956 171.4424780626921 461.05405150621175 181.41841418907197 442.7237224503063 181.015104679135
281.7438620224863 178.015104679135 288.7438620224863 206.67841475043832 310.40717209378965 180.015104679135
311.40717209378965 152.35179460783166 310.40717209378965 180.015104679135 336.070482165093 183.015104679135
367.7337922363963 175.015104679135 395.39710230769964 179.015104679135 393.39710230769964 205.67841475043832
395.39710230769964 179.015104679135 418.06041237900297 176.015104679135 419.06041237900297 202.67841475043832
257.080551951183 153.35179460783166 257.080551951183 183.015104679135 281.7438620224863 178.015104679135
286.7438620224863 155.35179460783166 281.7438620224863 178.015104679135 310.40717209378965 180.015104679135
142.78938105144252 176.36820275587894 150.94711006484906 166.6461998967417 154.42731166596968 181.015104679135
159.70502245873575 157.4611657242274 154.42731166596968 181.015104679135 179.090621737273 176.015104679135
179.090621737273 176.015104679135 202.75393180857634 157.35179460783166 209.75393180857634 183.015104679135
202.75393180857634 157.35179460783166 209.75393180857634 183.015104679135 228.41724187987967 176.015104679135
228.41724187987967 176.015104679135 257.080551951183 153.35179460783166 257.080551951183 183.015104679135
394.39710230769964 156.35179460783166 395.39710230769964 179.015104679135 418.06041237900297 176.015104679135
444.746807621014 161.9841977035776 418.06041237900297 176.015104679135 442.7237224503063 181.015104679135
343.070482165093 150.35179460783166 336.070482165093 183.015104679135 367.7337922363963 175.015104679135
367.7337922363963 175.015104679135 394.39710230769964 156.35179460783166 395.39710230769964 179.015104679135
444.746807621014 161.9841977035776 453.2088886237956 171.4424780626921 442.7237224503063 181.015104679135
150.94711006484906 166.6461998967417 159.70502245873575 157.4611657242274 154.42731166596968 181.015104679135
435.70188231142646 153.08165826849338 444.746807621014 161.9841977035776 418.06041237900297 176.015104679135
159.70502245873575 157.4611657242274 177.090621737273 154.35179460783166 179.090621737273 176.015104679135
177.090621737273 154.35179460783166 179.090621737273 176.015104679135 202.75393180857634 157.35179460783166
202.75393180857634 157.35179460783166 233.41724187987967 153.35179460783166 228.41724187987967 176.015104679135
369.7337922363963 150.35179460783166 367.7337922363963 175.015104679135 394.39710230769964 156.35179460783166
394.39710230769964 156.35179460783166 418.06041237900297 154.35179460783166 418.06041237900297 176.015104679135
257.080551951183 153.35179460783166 286.7438620224863 155.35179460783166 281.7438620224863 178.015104679135
286.7438620224863 155.35179460783166 311.40717209378965 152.35179460783166 310.40717209378965 180.015104679135
159.70502245873575 157.4611657242274 169.02785321094296 148.85008512914837 177.090621737273 154.35179460783166
178.87806257246666 140.84763189383358 177.090621737273 154.35179460783166 202.75393180857634 157.35179460783166
416.01138191423956 137.08480958993283 394.39710230769964 156.35179460783166 418.06041237900297 154.35179460783166
435.70188231142646 153.08165826849338 418.06041237900297 154.35179460783166 418.06041237900297 176.015104679135
211.1866774788452 120.8012451417328 202.75393180857634 157.35179460783166 233.41724187987967 153.35179460783166
233.41724187987967 153.35179460783166 228.41724187987967 176.015104679135 257.080551951183 153.35179460783166
235.41724187987967 130.68848453652834 233.41724187987967 153.35179460783166 257.080551951183 153.35179460783166
260.080551951183 126.68848453652832 257.080551951183 153.35179460783166 286.7438620224863 155.35179460783166
426.11053341690456 144.77070714164867 435.70188231142646 153.08165826849338 418.06041237900297 154.35179460783166
290.7438620224863 128.68848453652834 286.7438620224863 155.35179460783166 311.40717209378965 152.35179460783166
311.40717209378965 152.35179460783166 343.070482165093 150.35179460783166 336.070482165093 183.015104679135
311.40717209378965 152.35179460783166 339.070482165093 126.68848453652832 343.070482165093 150.35179460783166
343.070482165093 150.35179460783166 369.7337922363963 150.35179460783166 367.7337922363963 175.015104679135
343.070482165093 150.35179460783166 366.7337922363963 129.68848453652834 369.7337922363963 150.35179460783166
369.7337922363963 150.35179460783166 390.39710230769964 122.68848453652832 394.39710230769964 156.35179460783166
169.02785321094296 148.85008512914837 178.87806257246666 140.84763189383358 177.090621737273 154.35179460783166
416.01138191423956 137.08480958993283 426.11053341690456 144.77070714164867 418.06041237900297 154.35179460783166
178.87806257246666 140.84763189383358 189.21598722677788 133.48602907304576 202.75393180857634 157.35179460783166
405.4450935221005 130.05491401009712 416.01138191423956 137.08480958993283 394.39710230769964 156.35179460783166
189.21598722677788 133.48602907304576 200.00000000000006 126.79491924311225 202.75393180857634 157.35179460783166
211.1866774788452 120.8012451417328 235.41724187987967 130.68848453652834 233.41724187987967 153.35179460783166
235.41724187987967 130.68848453652834 260.080551951183 126.68848453652832 257.080551951183 153.35179460783166
394.4542149545366 123.70932731048362 405.4450935221005 130.05491401009712 394.39710230769964 156.35179460783166
339.070482165093 126.68848453652832 343.070482165093 150.35179460783166 366.7337922363963 129.68848453652834
366.7337922363963 129.68848453652834 369.7337922363963 150.35179460783166 390.39710230769964 122.68848453652832
260.080551951183 126.68848453652832 290.7438620224863 128.68848453652834 286.7438620224863 155.35179460783166
290.7438620224863 128.68848453652834 311.40717209378965 125.68848453652832 311.40717209378965 152.35179460783166
200.00000000000006 126.79491924311225 211.1866774788452 120.8012451417328 202.75393180857634 157.35179460783166
246.70523726199306 107.23156828801157 235.41724187987967 130.68848453652834 260.080551951183 126.68848453652832
271.53703234534294 102.03571162381346 260.080551951183 126.68848453652832 290.7438620224863 128.68848453652834
311.40717209378965 125.68848453652832 311.40717209378965 152.35179460783166 339.070482165093 126.68848453652832
359.384075065655 109.01955171118522 339.070482165093 126.68848453652832 366.7337922363963 129.68848453652834
296.8268072330385 100.02517446522498 290.7438620224863 128.68848453652834 311.40717209378965 125.68848453652832
322.1676399802022 101.23230710774916 311.40717209378965 125.68848453652832 339.070482165093 126.68848453652832
394.4542149545366 123.70932731048362 390.39710230769964 122.68848453652832 394.39710230769964 156.35179460783166
383.08300260037737 118.07360092909636 366.7337922363963 129.68848453652834 390.39710230769964 122.68848453652832
383.08300260037737 118.07360092909636 394.4542149545366 123.70932731048362 390.39710230769964 122.68848453652832
211.1866774788452 120.8012451417328 222.73097486137425 115.52914117908372 235.41724187987967 130.68848453652834
371.3772443183743 113.17042794697863 383.08300260037737 118.07360092909636 366.7337922363963 129.68848453652834
222.73097486137425 115.52914117908372 234.5864073365156 110.99983625706633 235.41724187987967 130.68848453652834
359.384075065655 109.01955171118522 371.3772443183743 113.17042794697863 366.7337922363963 129.68848453652834
234.5864073365156 110.99983625706633 246.70523726199306 107.23156828801157 235.41724187987967 130.68848453652834
347.1517871018855 105.63768633529168 359.384075065655 109.01955171118522 339.070482165093 126.68848453652832
246.70523726199306 107.23156828801157 259.0386663869619 104.23951075704426 260.080551951183 126.68848453652832
334.729635533386 103.03844939755837 347.1517871018855 105.63768633529168 339.070482165093 126.68848453652832
259.0386663869619 104.23951075704426 271.53703234534294 102.03571162381346 260.080551951183 126.68848453652832
322.1676399802022 101.23230710774916 334.729635533386 103.03844939755837 339.070482165093 126.68848453652832
271.53703234534294 102.03571162381346 284.15000862864224 100.62904480961154 290.7438620224863 128.68848453652834
309.5163831647485 100.22653216339842 322.1676399802022 101.23230710774916 311.40717209378965 125.68848453652832
284.15000862864224 100.62904480961154 296.8268072330385 100.02517446522498 290.7438620224863 128.68848453652834
296.8268072330385 100.02517446522498 309.5163831647485 100.22653216339842 311.40717209378965 125.68848453652832
