24 25 26
24 25 199
25 26 185
26 184 185
25 184 185
23 24 199
26 27 184
22 23 213
27 28 170
21 22 213
28 29 170
20 21 213
29 30 156
19 20 227
30 31 156
18 19 227
31 32 156
20 213 227
17 18 227
17 227 240
29 156 170
27 170 184
169 170 184
25 184 199
23 199 213
213 226 227
32 33 142
32 142 156
155 156 170
183 184 199
199 212 213
16 17 240
33 34 142
142 155 156
34 141 142
15 16 240
34 35 129
14 15 252
35 36 129
141 142 155
155 169 170
155 168 169
169 183 184
169 182 183
183 198 199
15 240 252
13 14 252
13 251 252
34 129 141
141 154 155
198 199 212
212 213 226
211 212 226
226 227 240
225 226 240
240 251 252
183 197 198
198 211 212
36 37 129
37 128 129
128 129 141
12 13 251
37 38 117
11 12 262
140 141 154
154 155 168
182 183 197
197 198 211
12 251 262
10 11 262
38 39 117
168 169 182
181 182 197
211 225 226
225 239 240
37 117 128
128 140 141
239 240 251
250 251 262
39 40 117
117 127 128
10 261 262
154 167 168
168 181 182
196 197 211
210 211 225
128 139 140
140 153 154
225 238 239
239 250 251
40 116 117
9 10 261
40 41 116
153 154 167
167 168 181
238 239 250
250 261 262
8 9 270
196 210 211
210 224 225
224 225 238
238 249 250
139 140 153
152 153 167
9 261 270
7 8 270
166 167 181
181 196 197
181 195 196
196 209 210
116 117 127
127 128 139
41 42 107
42 43 107
41 107 116
126 127 139
139 152 153
209 210 224
224 237 238
249 250 261
261 269 270
106 107 116
116 126 127
7 269 270
43 106 107
6 7 269
138 139 152
152 166 167
237 238 249
249 260 261
43 44 106
106 115 116
115 116 126
126 138 139
180 181 195
195 196 209
223 224 237
237 248 249
44 45 106
194 195 209
209 223 224
105 106 115
115 125 126
151 152 166
166 180 181
125 126 138
138 151 152
248 249 260
260 261 269
259 260 269
5 6 269
166 179 180
180 194 195
208 209 223
222 223 237
4 5 269
45 105 106
4 268 269
45 46 105
114 115 125
125 137 138
165 166 179
179 180 194
236 237 248
248 259 260
46 47 105
105 114 115
178 179 194
194 208 209
248 258 259
259 268 269
137 138 151
151 165 166
193 194 208
208 222 223
207 208 222
222 236 237
3 4 268
124 125 137
136 137 151
150 151 165
164 165 179
104 105 114
114 124 125
259 267 268
2 3 268
222 235 236
236 247 248
47 104 105
2 267 268
47 48 104
258 259 267
1 2 267
193 207 208
207 221 222
221 222 235
235 236 247
113 114 124
124 136 137
48 49 104
104 113 114
104 112 113
112 113 124
123 124 136
136 150 151
150 164 165
164 178 179
0 1 267
135 136 150
150 163 164
164 177 178
178 193 194
234 235 247
247 248 258
177 178 193
193 206 207
206 207 221
221 234 235
246 247 258
258 266 267
49 103 104
0 266 267
0 98 99
49 50 103
103 104 112
112 123 124
149 150 163
163 164 177
50 51 103
103 111 112
163 176 177
177 192 193
257 258 266
0 98 266
97 98 266
220 221 234
234 246 247
246 257 258
256 257 266
176 177 192
192 193 206
112 122 123
123 135 136
135 149 150
148 149 163
191 192 206
206 220 221
206 219 220
220 233 234
233 234 246
246 256 257
123 134 135
135 148 149
51 102 103
96 97 266
51 52 102
52 53 102
102 103 111
245 246 256
256 265 266
96 265 266
176 191 192
191 205 206
111 112 122
122 123 134
162 163 176
176 190 191
134 135 148
148 162 163
219 220 233
233 245 246
233 244 245
245 255 256
205 206 219
218 219 233
101 102 111
110 111 122
147 148 162
162 175 176
190 191 205
204 205 219
53 54 102
121 122 134
134 147 148
255 256 265
95 96 265
95 264 265
54 101 102
94 95 264
133 134 147
147 161 162
121 133 134
133 146 147
255 264 265
93 94 264
161 162 175
175 176 190
204 218 219
218 232 233
217 218 232
232 233 244
110 121 122
121 132 133
244 245 255
255 263 264
54 55 101
174 175 190
190 204 205
231 232 244
244 254 255
55 56 101
101 110 111
100 101 110
109 110 121
146 147 161
161 174 175
190 203 204
204 217 218
92 93 264
56 57 101
92 263 264
132 133 146
146 160 161
203 204 217
217 231 232
57 100 101
120 121 132
131 132 146
146 159 160
160 161 174
254 255 263
91 92 263
160 173 174
174 189 190
57 58 100
100 109 110
58 100 109
109 120 121
108 109 120
120 131 132
174 188 189
189 190 203
216 217 231
231 243 244
243 244 254
90 254 263
90 91 263
230 231 243
243 253 254
188 189 203
202 203 217
58 59 109
89 90 254
59 108 109
119 120 131
131 145 146
145 146 159
159 160 173
188 202 203
202 216 217
89 253 254
59 60 108
108 119 120
242 243 253
88 89 253
173 174 188
187 188 202
216 230 231
230 242 243
158 159 173
172 173 188
60 61 108
62 108 119
119 130 131
130 131 145
145 158 159
229 230 242
87 242 253
201 202 216
216 229 230
87 88 253
61 62 108
86 87 242
62 118 119
118 119 130
130 144 145
215 216 229
229 241 242
158 172 173
172 187 188
62 63 118
64 118 130
84 229 241
86 241 242
67 130 144
144 145 158
143 144 158
157 158 172
85 86 241
171 172 187
187 201 202
187 200 201
201 215 216
201 214 215
215 228 229
63 64 118
84 85 241
64 65 130
83 84 229
65 66 130
67 143 144
143 157 158
82 83 229
200 201 214
214 215 228
157 171 172
171 186 187
66 67 130
70 143 157
72 157 171
186 187 200
79 200 214
74 171 186
76 186 200
82 228 229
81 214 228
81 82 228
67 68 143
80 81 214
68 69 143
79 80 214
69 70 143
78 79 200
70 71 157
77 78 200
71 72 157
76 77 200
72 73 171
75 76 186
73 74 171
74 75 186
